145
100000000
23614240
12243796
8062241
15006946
14817213
4683573
23566002
21039061
21598881
1953532
9529048
20689695
16899390
5568088
13812277
13977924
24665922
4245922
17792543
7884126
7839363
3489652
3041652
1806607
9763556
13883686
1260293
7599548
6191383
17024011
20448436
12144001
20335487
11199225
490329
5704304
4893091
1015688
4803890
22230617
11323962
12891539
7998185
12641089
15953953
15884780
8288564
13168653
537310
1020124
6467342
7198907
4002119
7523045
843489
7581578
14760365
22565294
1339204
5689674
11508191
2959357
8200398
24195005
3522682
1581675
373428
2079552
14089736
22097507
5704920
17356000
6170847
13086917
8005776
12478622
4422048
19425409
6742042
3184638
6340315
3031801
7688922
9347730
10572764
10897827
8499767
13416759
485566
13305
2445663
21726346
4705225
19574246
16799852
17341629
570570
5125834
20653773
4975848
1857656
7848369
2291591
14253719
21725922
21431294
23217260
13121139
13631804
8564730
7289411
11677576
11662236
15509560
4216538
24078395
9133074
13483714
21170090
8772588
21813179
2696339
5884997
23779021
4070019
4114673
5569602
3157097
20223811
4298548
836243
21075741
10750465
10142773
18142
13261032
1202062
1975093
20778922
24113292
20736668
9726157
806106
5099322
3041123
