124
100000
15388
7768
13247
11269
21592
13218
10597
17118
14957
21074
15346
796
3547
10586
18559
3207
13627
3500
11145
8001
18854
4597
5542
675
15651
16594
5609
4419
14340
21495
19028
18366
19873
17887
20693
3197
5584
9349
19194
10364
16166
3208
1973
12029
4823
23853
7202
3623
20473
24782
12159
24266
20193
10680
9052
22462
11968
18094
3571
4903
4347
3979
7438
22984
24060
11432
2842
11269
9467
7490
23297
17719
21995
11783
12599
14623
15040
7520
9883
24929
5282
2
13728
10810
20356
21341
12465
24879
1835
12660
10948
1733
416
4501
9515
15592
11259
4524
3121
11855
1574
15619
14531
9587
10306
15124
2469
21783
15487
16355
6710
19183
20012
4572
1009
2745
16869
5835
7779
12344
22132
22870
11360
20894
