126
100000
21950
8477
8280
18747
596
22329
16183
17223
6529
3424
10709
22550
1346
1735
7589
17158
7740
10817
7793
7743
24442
24179
1935
23902
6926
10928
1449
9423
407
7865
3526
21744
3315
19316
5623
7142
1379
1416
12346
13368
18572
23190
11526
12607
5871
18916
4630
12174
15528
22525
18646
12422
13574
24077
22880
15037
15405
22384
24199
11740
6798
9709
3924
241
12468
407
23503
5073
18926
23868
13240
1735
20741
17361
14933
10054
16940
2058
13761
1510
21774
4575
14774
11310
9945
2299
12
24562
18905
15122
10269
3567
6254
19398
9111
2002
15883
17110
10846
22743
19233
11333
19389
7919
1297
24174
5869
12471
4596
5490
541
2896
15987
12353
15247
23390
8375
23669
13579
8913
8304
2723
13243
9400
10299
16147
