132
10000000
1088540
147315
1149321
1244072
1098216
118121
2415688
490663
1605
1833086
926220
1249141
2062218
1557180
1615771
752879
279869
1265221
642972
927194
1153020
295976
231212
435012
1100244
1737589
86259
347896
85624
1964339
1202659
1519539
118561
1378537
788407
1117926
2400607
2188425
2268947
645383
1290571
1937947
101184
1364962
453884
1100209
210041
2288017
2394428
2190907
2131430
926026
2157304
662665
1958126
1523278
964213
1612044
267217
1355903
896787
1061308
144955
1633977
1480357
401753
304951
1965247
1133337
1681715
2386634
959636
2054428
899994
699902
1352803
839853
1717284
538182
1250599
1243759
95605
1801770
221109
1776020
1110424
155897
1114061
1553388
739482
604675
468812
1400634
1014328
1976558
1387661
1240596
1202913
64150
211395
1209460
391933
1755764
252343
1993175
1512596
2018746
1508543
614919
400891
848956
509640
2083662
6860
1667267
2202547
2059624
168264
1791672
1515544
513017
923061
1578129
1985118
584625
2399092
2388866
740212
9682
1302864
594105
860074
