124
1000
152
165
189
98
105
174
22
75
216
101
80
103
92
242
168
95
99
198
46
102
215
152
135
90
195
24
140
42
62
213
156
197
129
3
4
107
212
15
147
169
55
249
233
49
142
36
243
123
194
176
237
83
166
147
128
184
107
55
232
1
228
92
41
191
155
49
89
28
85
93
37
53
23
135
77
104
89
9
215
227
198
161
112
69
116
155
130
117
94
144
150
10
74
66
164
65
244
107
196
222
12
232
178
163
165
119
41
110
143
68
25
249
74
242
56
38
77
110
79
5
79
68
230
54
