122
100000
10541
15304
15152
9770
3376
17252
16983
897
15149
15
15672
5976
18591
19650
15537
20317
22416
17808
16456
19331
9950
4061
23472
3562
22767
10377
11003
13783
1569
17148
11539
9016
11478
1475
2994
2621
8982
658
19127
15822
3461
8069
24025
22265
5742
6828
22734
11575
24948
21990
12582
20738
9772
15782
7610
11769
19833
21927
1380
20726
14159
12144
21231
21957
23799
6787
13578
19751
789
4326
13750
8142
4691
21677
6041
4033
2055
5835
10090
9918
14468
571
1273
9415
24260
16924
15072
19670
3546
11369
11943
7448
6396
23748
11191
7953
24786
10158
15878
14720
12845
1088
16746
14220
24729
17639
3615
1696
205
14005
9681
12010
20990
732
3979
23251
10437
956
12230
19872
24430
7749
