136
100000
107
8611
2
1895
7844
8049
2677
12244
8400
16563
15398
5186
13341
22978
3890
22728
15204
6913
24977
9085
3016
24773
10749
15462
12144
763
450
4040
7209
16189
22809
20949
22997
20361
13610
10698
22383
6473
7456
14330
10987
11382
8020
11813
24645
4032
12056
23656
11549
2202
12623
13004
4456
15907
13693
22631
10434
1898
21660
18728
24236
13622
5238
13378
1856
19565
18798
5596
673
1306
5168
7513
7873
1217
5179
13795
16147
22551
8812
1830
4916
1617
13347
17165
4218
7526
24097
10027
24173
18305
9649
10413
19667
14975
2381
13462
19731
9980
3269
2653
8188
9339
2444
1992
1750
7057
216
20188
4463
1227
13668
14922
18805
7707
12400
2135
8286
10667
23088
18082
23058
7120
679
14228
1155
1926
10526
19896
7513
10903
12136
12073
19432
7622
13649
7207
