131
10000
477
2188
1645
1223
2463
1378
543
1794
112
570
12
393
2106
1415
328
449
18
1353
1092
1141
653
869
163
706
740
1715
1468
29
2483
1882
1584
448
854
1526
668
2293
1406
105
1006
1243
1725
1890
575
607
778
794
2294
51
1896
587
1886
30
1346
1229
942
89
1590
2393
830
597
761
1873
806
574
1732
1344
1719
1443
1145
1276
549
1155
2421
1
1184
2201
1068
149
1569
2228
775
1744
1324
1740
2333
429
826
2412
50
1352
246
1656
1565
1790
1630
178
872
163
1111
2179
235
1240
299
1169
1370
1279
930
336
317
1461
131
1708
210
21
2314
16
1722
1620
1578
1876
1981
692
2352
1131
539
823
1321
2080
1846
779
2381
