132
1000
20
240
20
101
88
94
148
26
37
130
172
185
147
168
227
112
79
38
175
170
105
133
129
80
6
87
100
149
236
238
59
139
187
19
160
92
44
8
160
79
48
227
68
39
2
228
43
230
229
27
5
92
11
179
76
28
113
197
47
137
2
101
14
81
205
1
67
2
178
25
68
28
89
168
240
19
247
65
181
116
133
193
224
104
235
125
78
151
143
241
27
120
36
2
1
95
1
222
228
144
25
68
41
136
60
182
92
57
125
100
100
221
168
9
175
146
145
247
195
129
70
141
151
194
190
66
189
65
118
174
54
154
