128
10000000
1409393
127476
94642
137378
630249
651704
999960
1155008
1679769
1103518
671093
436127
294196
405924
450774
187476
2463524
439931
363918
535764
637785
1935335
2358236
1005118
2485471
2429045
1977170
1645115
440289
1294194
406701
869936
385431
962164
903116
1145482
79576
686897
1463479
2225333
1532681
1081499
2107499
490
1014033
466533
719911
333667
644388
1846464
1324413
1832330
1895052
630589
335926
2275713
2084740
876489
1165634
873543
2317613
1863725
407337
721112
2065860
2079607
756758
1403313
1468880
1508885
728426
2454062
2275656
1293477
796970
481137
652281
1768291
2044373
2268248
670806
423295
373848
1665133
528457
514640
2181678
338250
2160757
1594891
893329
2161491
1735266
1092874
1527865
65985
918306
2161760
635851
335336
1285271
1811041
1220836
1677640
1825507
1311248
166276
1035194
211845
2109318
1946837
609213
2074680
755049
1738582
1553081
1944599
747806
1118582
2439559
2466118
991732
797953
94415
1939837
1184950
150358
841353
