126
10000000
2194975
847679
827989
1874693
59513
2232839
1618220
1722216
652900
342318
1070885
2254975
134920
173775
759379
1716245
774196
1081678
779280
774240
2444146
2417838
193442
2390158
692516
1092702
144822
942297
40698
786478
352600
2174304
331445
1931566
562219
714148
137808
141805
1234525
1336767
1857160
2318939
1152524
1260602
587038
1891566
462923
1217841
1552740
2252488
1864548
1242139
1357399
2407688
2287910
1503601
1540451
2238339
2419825
1173974
679723
970887
392349
24082
1246734
40667
2350282
507263
1892584
2386765
1323927
173431
2074037
1736060
1493271
1005372
1693901
205712
1376027
151413
2177359
457440
1477382
1130925
994889
229812
1194
2456194
1890454
1512188
1026870
356639
625330
1939742
911041
200562
1588270
1710997
1084598
2274239
1923294
1133202
1938857
792512
130053
2417327
587154
1247004
459597
549360
54494
289517
1598635
1235202
1524646
2338919
837466
2366874
1357832
891276
830373
272247
1324295
939902
1029826
1614630
