136
10000
1344
2500
2075
288
1616
1497
94
1173
1706
1367
2185
918
171
1092
304
232
789
230
486
254
503
2014
887
1245
127
929
1319
57
461
1339
458
1680
281
909
1587
2234
1193
1327
101
1144
500
61
290
1163
64
1901
443
218
994
913
2052
845
1386
1560
1985
871
402
1546
895
2494
266
815
475
1218
1705
206
2280
681
1001
1007
1506
2187
1155
1490
92
1420
1199
1535
335
371
818
281
1515
915
731
1607
598
808
45
904
1195
91
1889
2463
2344
1741
1430
2333
1988
2047
1574
948
319
2469
1377
2018
759
1
1093
1288
1787
527
1687
173
2209
2089
1732
1373
100
1139
575
114
1145
635
1322
1374
658
2087
1291
1678
1511
933
1002
299
1712
1616
