136
10000
262
1011
1899
29
389
2479
1177
1572
2388
1340
1014
1187
135
1323
1610
306
408
2382
1083
1803
1145
39
1489
461
1130
2457
1871
1484
1517
715
218
1700
2097
2155
1161
341
367
1157
1217
1882
1949
2058
499
531
1259
480
409
433
2231
1078
174
1347
2004
2139
2236
1463
1541
909
773
1076
630
1961
1140
630
2440
548
1179
16
217
1391
1828
15
1089
1182
1044
1413
2254
1502
777
847
739
2260
809
1
652
646
224
1599
1311
262
366
2097
1190
460
2134
2114
984
337
613
1966
2218
1383
140
2471
257
635
1369
181
450
488
1661
266
411
660
1149
2184
2011
1060
182
225
308
907
2432
1640
1061
1189
1553
1616
543
120
2142
202
366
94
385
185
