130
1000000
93151
202666
85575
239386
123882
167600
112155
148448
24967
59118
218528
96503
99690
105485
88259
132087
126989
56243
163015
245642
30488
122011
154504
195284
201242
122404
115630
12063
68516
20935
182697
148528
23451
25492
132796
135232
28325
239057
41214
249540
38650
84051
81056
31714
17999
38243
83380
147
81951
170994
76744
216334
122201
100101
147324
160730
131980
224342
43313
189075
158537
32410
135582
112861
49699
248328
172818
80601
180475
43174
148228
121778
54210
138259
189044
141799
47520
77863
139960
10981
3292
116249
144341
45108
80454
49883
119758
51536
195685
22725
206069
39271
29634
239091
35122
125422
113312
49988
207471
143375
231868
21575
132250
191336
19792
236808
95145
47652
3931
239836
100775
53940
182714
208360
150812
111974
2406
81536
101475
28393
236219
110287
74450
209805
190664
226515
109173
182764
215925
20580
