136
100000000
2615116
10100606
18985806
282838
3882852
24783152
11795924
15717306
23877159
13392625
10134024
11861237
1342334
13221502
16092707
3055428
4074354
23815555
10823475
18020115
11445434
382121
14884949
4605705
11293158
24564563
18705992
14832309
15164800
7144304
2170905
16994390
20964322
21545887
11604256
3400831
3661925
11567585
12166948
18817847
19489806
20625267
4981198
5309481
12583675
4796265
4125039
4325882
22338417
10778330
1736896
13466757
20033594
21384655
22358364
14680361
15406100
9083987
7726909
10750517
6293691
19606954
11396135
6294993
24392048
5476238
11785957
158920
2222586
13907010
18277952
146151
10883988
11815846
10475744
14128333
22538486
15038036
7766549
8460053
7386139
22590674
8081819
3131
6516786
6457803
2283312
16018054
13106895
2613177
3700592
20962291
11898958
4656133
21331082
21135469
9835260
3366261
6126921
19656845
22174598
13828845
1391982
24709085
2564195
6347081
13683241
1809158
4499631
4879216
16602881
2653888
4105700
6597912
11487991
21833540
20109774
10590658
1817368
2242129
3079275
9062515
24317061
16399743
10607430
11880078
15526977
16157847
5428886
1199841
21414955
2015815
3656860
990199
3882080
1884447
