135
10000
783
2057
317
803
225
1540
815
1561
1154
50
2272
398
43
40
1234
2180
2023
452
2084
592
1344
745
156
2081
901
7
408
579
2118
1497
1383
915
800
544
2272
1118
2429
618
2103
2450
265
120
1221
1649
1049
772
471
2319
166
540
1325
188
452
1327
186
883
1510
815
1129
1426
1506
1192
992
1552
2131
1850
1513
2320
2000
983
1611
1313
1880
1440
1398
293
525
103
233
2429
509
31
2
118
523
1714
2276
588
1428
753
1021
1081
998
2063
325
1062
921
690
2200
992
150
2186
899
2093
368
739
1319
1469
1290
1789
1637
2074
2394
2101
1856
236
2053
909
1323
1501
410
1135
1571
279
27
103
685
2367
556
823
2420
1170
139
274
192
