129
100000000
6779512
16264394
8880099
8078852
2565083
7562977
14675060
18246604
5552119
10786519
7305422
20836335
14504453
3499510
15470524
18001218
10190277
10436414
7890641
22425587
4630128
7359148
24444326
9826233
779481
20282004
6824807
7114044
1105545
3697408
7577717
3942031
2548199
20097694
21278816
24495456
11308165
18448445
18089630
18745702
9790630
22811088
320749
5891423
1336084
24433166
2269420
11082218
1722588
6252991
3074591
21086419
24472138
3701059
12928119
8023
18070303
23512733
17321063
18720360
2008765
20669881
13090603
19264014
20266937
4798176
21458357
23454533
15813321
19014319
4483932
24650595
13761711
17131100
4615303
1399341
13224773
11344732
13005919
6326103
592803
18547299
10942123
20908575
5666684
14024751
1739480
4527716
736575
22189731
18718795
24503031
11662879
12146881
9686343
18265096
17637881
4244779
8060219
4199263
22382790
10253000
7401782
19392681
6938305
7003186
9008846
1056971
20116386
14459661
2923124
22465871
12548406
3214858
574778
4575861
17135968
14147391
17806540
1050205
34317
18513294
7284973
10946182
10657148
18001043
12078436
6452852
11440082
