118
10000
303
167
2244
1237
288
643
1021
784
1172
450
1195
299
2452
2008
777
988
1739
508
40
404
2207
1098
1419
80
408
2073
1485
1050
1961
1801
496
790
674
1037
1810
1848
1829
1400
543
608
451
1156
1248
577
917
858
2386
1
509
1929
1592
2008
1848
1714
32
612
701
1880
2043
666
178
243
1429
2364
2113
886
2124
2472
1279
930
2334
2016
69
1839
693
2120
1098
1137
2088
1454
1748
736
2413
1213
64
1353
1638
1623
2217
2004
74
1694
381
505
2042
2440
1659
1016
1938
1240
2287
1283
1467
2044
1136
174
2242
2189
601
1449
1958
1335
475
1542
2347
1121
1287
1735
