132
100000
10886
1474
11494
12441
10983
1182
24157
4907
17
18331
9263
12492
20623
15572
16158
7529
2799
12653
6430
9272
11531
2960
2309
4351
11003
17376
858
3479
857
19644
12027
15196
1186
13786
7885
11180
24007
21885
22690
6454
12906
19380
1012
13650
4539
11003
2101
22881
23945
21910
21315
9261
21574
6627
19582
15233
9643
16121
2673
13560
8968
10614
1450
16340
14804
4018
3050
19653
11334
16818
23867
9597
20542
9000
7000
13529
8399
17173
5377
12506
12438
957
18018
2212
17761
11105
1559
11141
15534
7395
6043
4684
14004
10139
19766
13877
12400
12025
642
2114
12095
3920
17558
2524
19932
15126
20185
15080
6150
4009
8490
5097
20837
66
16673
22026
20597
1675
17917
15156
5131
9231
15782
19852
5847
23991
23889
7403
97
13029
5942
8597
