128
1000000
140940
12748
9465
13738
63025
65171
99996
115501
167977
110352
67110
43608
29420
40593
45078
18748
246353
43994
36389
53577
63779
193534
235824
100512
248548
242905
197717
164512
44029
129420
40671
86994
38544
96217
90312
114549
7955
68690
146348
222534
153269
108150
210750
49
101404
46654
71992
33367
64436
184647
132442
183233
189506
63055
33589
227572
208474
87647
116564
87355
231762
186373
40734
72112
206586
207961
75673
140332
146888
150889
72843
245407
227566
129345
79697
48114
65229
176830
204438
226825
67081
42330
37385
166514
52846
51464
218168
33825
216076
159484
89333
216150
173527
109288
152787
6594
91831
216176
63581
33534
128528
181105
122081
167764
182551
131125
16628
103516
21182
210932
194684
60922
207468
75505
173859
155309
194460
74781
111859
243956
246612
99174
79796
9442
193984
118495
15036
84136
