129
1000
45
55
93
112
56
72
70
240
91
125
107
40
240
249
17
187
183
64
26
173
39
125
185
28
119
130
47
172
102
66
171
220
217
26
167
74
36
245
150
173
54
62
194
112
32
157
1
6
89
237
179
190
178
26
228
119
35
130
111
94
2
111
70
54
184
30
161
41
45
158
242
47
49
245
119
214
90
61
199
83
23
132
212
46
93
79
1
78
48
30
168
168
147
94
205
200
55
218
247
61
84
247
112
34
243
74
221
103
146
178
211
51
176
37
170
151
88
3
98
248
38
202
27
37
92
34
218
38
158
