128
1000
32
6
81
71
58
40
133
236
173
189
101
116
78
240
174
249
247
3
111
230
77
142
193
136
156
83
70
172
145
14
117
208
55
137
172
110
188
123
44
125
230
128
45
138
158
91
33
219
119
80
67
159
3
58
2
59
39
188
240
124
216
173
9
136
58
56
243
1
179
41
211
133
136
209
66
162
26
199
157
182
159
36
17
218
15
151
157
208
45
78
86
115
165
114
24
87
115
95
166
5
239
145
78
48
154
189
141
22
77
88
34
135
184
147
123
93
242
174
12
171
83
11
43
144
21
208
128
2
