136
1000000
80093
76860
192072
89649
118888
233959
90674
238866
124147
2550
184124
107355
193496
192908
158770
134659
111331
130758
208743
45557
93387
4
45651
192354
206041
217347
104910
112706
172991
173084
30283
44489
194031
136355
89164
133248
104765
232223
128206
9709
35828
76030
23733
7934
137295
36343
75168
108657
13439
26731
23523
164118
109480
31282
126678
17287
182670
45983
16384
206909
45367
191708
106376
208000
229326
137454
204605
153161
116598
1500
17225
16527
118113
118041
123507
6637
45496
36875
133073
76960
65769
354
75760
159517
143607
195369
64772
62425
121387
246989
175508
165483
223883
25042
66320
131384
13465
33422
27292
135103
198829
79884
202327
131100
18652
127803
90448
89433
83254
59573
14851
105711
8146
85575
241276
65214
249241
249729
179633
205161
245519
2262
34601
94228
3850
220490
14085
100596
62683
227681
207147
119956
65818
14874
71393
207698
