133
1000000
33632
249096
73085
186116
106092
20136
82619
167348
145302
26510
127384
145880
205249
32564
50504
39227
96868
46190
73513
232234
51013
149170
162353
165237
115904
4916
120637
150887
87931
98969
73189
232905
219406
73189
45832
161573
155238
135938
79643
2994
155590
26897
147529
178202
240881
239756
51790
207144
207927
196225
18556
75779
26928
75890
196604
246748
181256
209483
161258
149442
4243
172320
8745
245997
27138
52238
102472
58243
176647
207433
189465
213861
44398
186586
232165
85963
173514
47
130732
159112
33860
116391
36843
184492
1901
2193
38064
116499
74718
108158
222485
85376
178485
118469
34788
151054
179929
71944
49064
159982
27261
8918
57505
69967
38463
36675
95207
67139
69086
63756
192495
206700
208606
169853
223824
50494
223275
32268
17998
113386
97752
121228
45943
46682
169105
177919
77504
70770
54853
39809
38260
166492
64435
