129
10000000
1761
585039
650516
1431984
1848067
369091
415934
674911
963789
123734
244562
278725
2281366
618425
1354324
1287968
1479932
2322187
341692
1165692
1268522
1559104
1765817
387551
1017652
267884
809743
1026893
2428749
486584
1839894
291149
1712804
692101
596387
796024
1551924
2372629
33434
2201201
500557
1258893
1593542
1732092
2378023
893395
2005063
541289
679516
591091
1647270
715985
98591
1478431
1972665
1073815
1058975
2096003
403443
1967203
1047166
1434345
2071823
696280
355605
345852
1144755
438364
1848212
690358
1008023
2023861
1359743
2489648
1008612
583750
11198
19745
2086995
414902
2209409
1958913
218174
608925
1268897
483412
692567
1122333
2158027
2437095
1760322
1720490
2461326
1782412
192360
305902
1994476
1422412
472826
973117
1822137
999248
707210
159097
717700
1591680
1682544
865847
2464121
590544
251215
2343406
281408
1070233
415804
834621
1837544
2028868
1494559
2131767
1352701
746957
1046946
1966412
1279312
1782334
1340709
947693
1693164
