135
100000000
3691419
24806185
13417844
15933609
21852286
17264555
15141125
21751189
11043962
3162186
24293491
1872538
12334221
19091975
9234572
14709106
12901914
23526462
18465229
4515146
20902425
661704
3820292
19310859
2210966
4621656
9846966
18469989
5199187
936236
5071845
15368566
13901886
20191478
16670433
4954472
10058303
777805
5449984
12421916
16426638
5783580
19691567
17921161
21742775
23121917
7599293
21358010
13029322
17454472
4789981
4811230
7722134
6165855
11954015
5579717
8807799
24980964
10042234
1674133
21309654
896836
17902823
10599031
12894826
8157921
1161380
128912
7300832
22556363
11180965
10890408
5092383
2316091
18374354
9533560
6123983
689729
5801553
6514367
3299562
8610
4563920
7670213
5722590
2429436
19219488
1352914
14061881
504942
17497760
4975185
744275
3288848
11551878
11359130
21757216
16034374
10306324
14104117
6687030
14601073
22874308
21160475
6934078
5805315
17855545
8468005
224941
1211475
12665689
23177842
24403667
16620761
11116773
1749078
9026667
19798190
19327180
10169122
2397525
4921597
23328131
13698294
24480836
11057649
7051535
2046963
15855105
8689453
19225459
10077950
17758958
5052547
89371
