132
1000000
37451
23966
68673
151986
174980
146017
33817
212439
67103
185024
173
63244
114452
34982
99504
42022
44220
99956
24872
169361
98243
67733
4499
206127
90303
216563
148529
153405
101437
180534
23228
239081
37083
48589
65777
117488
123318
47951
8039
184856
119400
193802
217809
249620
105180
203383
219603
133741
223620
112536
248439
95800
16515
154443
52823
10587
209064
91279
96225
220880
2579
213557
235870
229710
143832
7897
98428
112886
15287
246124
3314
88649
122480
108424
194501
145964
211981
173210
40940
1788
246685
109000
134904
176194
134385
153830
18725
44183
227183
77325
168049
207487
51050
201128
176156
10099
138682
152926
99090
141031
111595
116107
187046
92434
103984
99090
101848
220530
101051
31238
14886
177161
88799
17937
18357
58688
70688
163159
28038
15557
82416
92456
130288
76406
13235
238074
116032
136218
73829
13795
184692
27059
