133
1000
34
250
68
187
107
21
83
168
146
27
128
146
206
33
51
40
97
47
70
233
52
150
163
162
116
5
121
147
88
99
74
233
220
74
46
162
156
136
80
1
156
27
148
179
241
240
52
208
201
197
14
76
22
76
197
247
177
210
162
150
5
173
6
246
28
53
103
59
177
208
190
214
45
187
233
86
174
1
131
160
34
117
34
182
2
3
34
117
75
109
223
86
179
119
35
152
180
72
50
158
28
9
58
70
39
37
96
63
70
64
193
207
209
170
224
51
224
33
18
114
98
122
46
47
170
178
78
71
55
40
39
167
65
