127
100000000
16194696
13221444
3025835
16623866
18607273
5097540
9987202
11418478
13500932
24941808
21037554
12030216
5283
22468942
15880922
11244705
22797451
21162652
6755116
6767236
12977289
5917994
16395300
14707329
9817515
6789159
8233684
21558103
5676925
23497076
7579491
22177312
20371201
13285387
8821189
9588840
2374133
11935293
10562118
4128226
5833955
10033593
5917705
12076302
22559234
19577699
8925865
14466561
3044634
5799566
24786245
2024731
7406543
7197314
7038547
5391366
4737361
8434263
18141497
21603603
11066814
13715469
14740869
15983426
14483677
21855273
7547631
14775038
4647543
8805565
20118511
2155771
24634069
12392361
10577079
11474081
18019682
24001669
3154521
606052
9079228
19868513
7429229
9621629
12795771
16826774
18868351
2572709
8515189
16751248
8525074
15347236
6104882
14653099
286973
3760985
6803033
4647953
24344098
3399234
12337707
23336175
17383976
8776678
5196276
8806690
9295950
21773272
9617886
2031034
10901609
13788007
1353435
11086604
10866998
10710699
19888070
17503862
1247800
7959408
22311285
13038402
10161469
10347000
7843078
12680184
10640838
