128
10000000
212623
1658960
491223
1866129
613249
1761155
1143028
2258236
184371
659642
1348654
1602622
671471
1112461
2073163
244989
749901
937269
1286825
875520
1623695
1556129
1580458
1914072
1176783
2436849
183810
1212323
1719073
287347
1626801
1957
2028486
1803093
2239797
1759722
1035538
2441881
763439
1173224
798720
1825994
2162533
549510
1770451
1023286
2324102
838959
1906085
1353000
2120030
408680
278396
979741
1163274
1954326
677492
818426
2058557
413703
1629346
297649
1334668
239409
183224
247585
1078992
509904
954361
1924547
1710560
2061783
2081926
141082
1130724
2364470
1660529
853913
994172
1177492
1941063
1356969
1499840
259347
2316245
241337
1073316
1005967
1732195
2113826
1693179
1226711
637572
1401331
1466926
1602852
1341344
1871494
1541723
366107
1495391
1974325
106816
20996
865409
1932942
1572991
687879
601432
109124
929995
665101
173921
378566
80208
384448
51137
176774
204169
377660
2329319
564471
2454899
691810
1145963
2143054
520193
2354094
