130
1000000
141987
112182
46363
49269
63316
164106
180325
17934
205740
221582
105177
21708
243870
238199
64569
146477
61
210773
50193
6167
82086
57794
157035
219374
23247
105942
191330
62620
164552
85529
208292
48025
16285
223996
235517
18705
151736
190335
126360
136435
153216
10812
14561
83699
122975
220369
160053
19418
147384
42595
219086
99456
81131
128059
54987
113221
56358
1102
245799
145170
193626
164328
203180
228916
59661
20510
4510
71556
130480
132040
25477
114596
39003
11062
218645
109309
216141
109943
206837
25807
219309
152949
34011
106481
100619
130529
54539
148825
210883
95173
117850
113503
46584
57261
129274
6296
81375
14548
212194
189982
87209
23258
72489
151944
78320
138151
88508
123995
40431
184228
221472
92583
194261
202422
132189
1263
196934
148569
13963
180540
201408
212728
105543
128947
204635
34304
11202
128962
62321
114765
