136
1000
14
23
124
29
55
46
195
37
189
39
43
114
185
45
122
85
148
86
237
71
38
105
44
151
178
122
113
185
250
114
114
46
103
66
4
147
171
172
49
46
40
93
248
208
122
62
129
73
54
212
26
18
13
215
1
228
11
119
187
58
206
188
49
41
235
143
26
78
184
216
36
219
238
190
68
142
19
105
58
149
72
15
17
230
220
38
99
180
18
99
80
248
6
76
106
102
44
238
83
57
112
193
183
54
51
37
47
184
208
211
120
197
50
118
124
188
56
106
123
132
31
175
24
116
96
92
115
88
151
125
69
153
117
28
152
134
