136
100000000
106065
8610623
1174
1894461
7843878
8048600
2680956
12243898
8399061
16562271
15397591
5185817
13340799
22977608
3889747
22727787
15203935
6912728
24976081
9084650
3015907
24772018
10748222
15461711
12143990
766260
449941
4039317
7210930
16188223
22808803
20948275
22996317
20360860
13609935
10697964
22382543
6472939
7460084
14329706
10986621
11381216
8019246
11812116
24644802
4031444
12055833
23655608
11548125
2201933
12622897
13003376
4455030
15906496
13696745
22630931
10433678
1897235
21659765
18727394
24235134
13625575
5237070
13381598
1860765
19564090
18797520
5595597
672408
1305942
5167477
7512348
7872206
1219938
5178590
13794734
16146994
22550259
8811800
1829708
4915086
1622008
13346497
17164638
4222061
7525312
24096503
10026336
24172596
18304114
9648443
10412283
19666874
14974217
2380156
13461573
19730669
9979232
3268296
2652288
8187578
9343984
2443795
1991056
1749156
7056693
218706
20187606
4462110
1226596
13667038
14921677
18804807
7706070
12399904
2134387
8285833
10666166
23087845
18081856
23057997
7119678
678435
14227140
1154728
1925034
10528517
19895786
7512598
10902883
12142740
12072617
19431513
7621323
13648551
7206496
