130
1000
9
3
217
161
56
77
95
79
93
16
22
63
208
148
101
90
118
122
176
238
242
69
143
20
227
220
248
100
135
4
18
67
106
1
154
162
29
12
201
130
124
45
161
23
123
17
62
24
14
65
149
234
233
52
173
134
119
224
34
247
156
36
16
206
218
71
164
173
52
245
188
13
84
4
54
165
49
133
15
15
7
183
227
9
156
117
39
124
63
244
182
195
132
11
129
226
234
32
95
182
125
97
211
39
40
99
224
66
16
201
189
229
94
49
71
52
101
175
154
4
198
157
33
183
122
7
221
219
147
196
