146
10000
743
528
443
1797
932
2039
1427
338
2313
1235
748
252
766
493
746
985
798
388
421
452
357
34
438
1635
94
200
67
718
667
285
876
1213
1809
13
1676
1210
2
1773
2347
1154
1990
1987
1089
1308
841
122
1183
1983
503
1616
477
292
1337
1508
206
1381
1379
274
425
41
639
2450
382
651
933
2215
772
411
928
492
402
219
264
119
286
302
2500
1831
243
47
544
543
878
248
1225
673
2476
2252
2403
446
236
1753
737
2136
992
601
1742
1729
115
164
914
755
723
1141
2483
1749
163
1922
1197
1316
587
389
701
834
936
707
2202
1918
36
1627
1711
1320
2371
2126
473
2482
2238
38
1009
705
679
2451
956
1544
1411
1178
1842
1409
1791
470
456
397
2439
520
1654
1697
