130
10000000
1580364
47511
2168651
1600165
602477
762648
949808
788498
921313
152246
218509
625760
2077196
1470925
21895
890347
1177118
1213203
1758685
2379370
2417996
687179
1429188
195048
2260144
2194844
2477150
1020315
1341634
33624
172055
669852
1051180
1644
1536962
1616620
287478
115129
2002723
1323046
1235104
445646
1607971
273701
1226944
163512
617851
230437
164989
644022
1543213
2331898
2322983
517287
1721121
1335561
1185095
2234467
333835
2467548
1553908
354100
197870
2054872
2177819
756431
1633853
1722270
563033
2448818
1878166
122936
832218
105071
535437
1646396
487306
1326729
148490
143291
61589
1827585
2269094
89094
1556628
1167375
381270
1237041
629917
2432632
1812628
1941289
1316528
105791
1285509
2250025
2336520
314599
941371
1818901
1246953
963904
2107149
434463
391664
981430
2232870
655044
156128
2001586
1881120
2281196
933702
488141
704726
517637
1007821
1742955
1530493
77850
2141457
1562115
323671
1828319
1218352
61591
2204118
2180825
876202
1958433
