129
10000
1507
428
1414
2498
2
2405
434
756
1348
295
1362
2495
1884
2477
917
1648
320
86
2209
1885
480
1468
1887
2284
422
1577
101
1897
879
488
904
1461
928
170
1368
1899
987
436
1469
220
331
1992
977
2065
1059
1662
1866
2179
1348
650
1325
2426
2163
985
256
844
395
2254
1850
2032
599
413
318
1256
1872
1396
1527
708
1196
587
1137
565
689
781
2303
101
232
1966
107
1021
2120
2182
697
17
2117
1363
1754
904
7
12
1839
1231
334
99
394
225
146
141
1932
1279
2351
1212
235
1890
1087
1323
1595
2476
445
2021
1146
1042
1988
765
1498
1088
1563
194
2453
1268
1103
274
1420
2200
664
773
391
786
828
