120
1000000
97124
58006
74235
141008
29865
213523
78575
129071
146291
7604
236990
149964
209024
92574
182630
16971
153040
232972
79731
42754
135440
7738
26343
207158
81207
186726
22928
18129
5021
84421
93850
107586
145875
208951
16205
146700
177590
43291
97765
246383
19664
83519
105441
139939
136446
109043
48872
87932
188
34898
230017
156907
97700
179411
43751
35951
206587
193169
212805
134528
202016
213615
174366
127622
53114
169389
246173
222143
45040
19978
178440
139149
108550
36414
65378
145296
53558
178659
42753
122360
159888
8770
51252
143097
101724
211675
156791
47719
219471
176418
193005
153852
106037
169743
233985
234910
18639
159234
246342
178934
232546
213938
104214
165966
80476
127700
223874
96678
219412
188872
70995
73468
33080
68569
184757
76797
130825
219716
80541
204050
