137
1000000
122395
448
14890
56098
134270
220121
127652
16811
77047
149666
129646
243267
227117
10842
124356
188133
239137
74441
9940
66308
193195
141961
17115
187815
76215
79690
76450
203971
45743
67652
69602
11249
124403
173126
173249
119301
148707
54116
45303
67988
116121
220295
83520
82603
172431
91214
247968
209977
176816
219938
124481
163704
4187
161824
190774
9022
30
197812
176396
71097
28675
104315
3955
81708
59998
55049
102413
47362
138268
18207
75085
93185
63757
39057
200482
90266
90249
86540
28869
195221
58463
234199
37070
57730
123952
22573
196806
94869
108243
196374
99129
145736
97244
7325
59504
120021
136543
159531
10308
5099
230879
141655
157649
30901
75398
26560
82146
659
190534
155665
239103
100787
65573
216676
247878
216391
208663
118631
28496
4691
129465
29706
116212
47819
186095
5927
199908
105679
187809
37099
29325
53600
168729
236553
99253
202197
22663
