131
100000
5590
20758
15636
16275
6861
20784
272
20180
10998
3606
24160
790
2910
5096
9288
1106
7866
4477
22626
17702
4296
17187
11453
24799
19502
3587
16227
12997
21862
22437
17177
2774
10310
21109
89
4342
12524
7001
8117
9273
19800
11108
7801
15664
18875
13266
6803
16740
23570
13
612
8764
19317
14387
24389
22953
8087
1096
12914
1402
17106
2287
19892
5389
5644
4962
793
11065
15282
11846
1292
7911
22701
12524
4034
9605
22640
18551
1234
22104
3741
17155
20421
253
3398
14498
16418
5810
2241
2163
19035
11933
16368
7011
6079
18517
11559
20575
5348
15485
17442
21297
12912
19429
1438
9854
3884
5162
9854
18729
2631
7822
21189
24595
10908
1408
12664
22920
13726
11272
13575
8519
4650
21036
16416
6407
4765
8039
221
16659
4102
