136
10000
479
1979
113
1245
474
2005
656
674
1438
1417
1638
60
1730
1882
1297
1008
551
1163
91
1057
290
1295
2164
1688
600
368
2392
2479
1383
2167
454
1784
692
2087
1577
903
169
818
279
771
797
1732
989
1802
109
836
536
1764
2480
1187
903
1201
149
932
398
2433
2202
711
1861
51
42
664
458
1224
2022
561
1908
1619
751
764
1244
1879
1277
1044
1162
1964
289
763
2309
1
1769
827
2000
754
1083
949
578
973
1420
1879
1906
71
1340
104
2200
677
1025
2342
1596
913
1488
2100
866
1969
434
2203
1245
310
1725
266
7
1557
638
2366
580
1932
2272
1240
391
226
745
2392
1953
822
596
172
287
47
100
1366
298
668
227
1194
35
542
