143
10000000
285180
301118
713697
2250208
1862784
1644844
624156
479487
622562
1796042
1773908
206449
106017
1155346
936676
400733
351497
1520931
57297
1942771
476684
1936290
1524898
441460
176923
1736212
239871
2185541
296989
1884657
2379743
747126
754280
2286294
370788
1946311
399525
2219931
976778
1053279
1216502
508647
1891964
602494
313733
521513
451451
384029
1628803
2441722
790412
1705778
1356165
102436
257120
2052486
1227573
21924
1475081
2300619
1804890
859798
96508
735376
1038113
899384
308825
481790
519259
322458
1640313
260178
1120986
2175009
1301229
823960
837260
284229
827556
1831322
1508945
1110535
1828775
1498051
296289
1064028
1914227
96309
377989
175918
962941
1295281
814990
234140
39399
1314128
389202
429597
185994
1947845
875330
744718
2148559
2154922
1635501
2272479
985753
1798683
1044711
1451607
1326013
477958
1670229
2281462
501387
2453358
1305607
1644136
302217
1816322
201282
1328067
2036526
1452893
428026
68450
1086613
939094
1222161
38247
524364
1490360
618991
471545
943018
842
1680474
359490
661950
2117764
1352697
1556681
560752
