131
1000
166
53
6
247
42
77
10
3
96
121
77
215
243
36
185
145
18
197
11
88
186
249
69
6
118
116
96
173
240
39
24
3
113
129
21
197
78
111
46
243
247
248
156
53
198
250
147
29
200
214
3
155
78
51
151
6
179
84
30
33
20
162
164
176
79
76
161
91
31
131
96
233
215
170
191
56
197
124
240
61
147
137
88
33
183
150
149
213
226
247
137
166
38
189
8
1
160
39
119
165
106
74
119
166
37
80
8
114
131
29
55
36
37
183
221
165
165
44
42
164
210
30
21
71
245
139
9
8
5
2
210
