145
10000000
2361424
1224380
806225
1500695
1481722
468358
2356601
2103907
2159885
195354
952905
2068970
1689939
556809
1381225
1397793
2466593
424593
1779255
788413
783937
348966
304166
180661
976356
1388365
126030
759947
619139
1702402
2044844
1214401
2033549
1119923
49033
570431
489310
101569
480389
2223062
1132397
1289150
799819
1264109
1595396
1588478
828857
1316866
53731
102013
646735
719891
400212
752305
84345
758158
1476037
2256530
133921
568968
1150816
295936
820040
2419501
352269
158168
37343
207956
1408974
2209751
570492
1735600
617085
1308692
800575
1247863
442201
1942541
674205
318464
634032
303177
768893
934773
1057277
1089783
849977
1341676
48557
1331
244567
2172635
470523
1957425
1679986
1734163
57057
512579
2065378
497585
185766
784837
229160
1425372
2172593
2143130
2321726
1312114
1363181
856473
728942
1167758
1166224
1550951
421654
2407840
913308
1348372
2117009
877259
2181318
269634
588500
2377903
407002
411463
556961
315710
2022382
429855
83619
2107575
1075047
1014278
1810
1326104
120207
197510
2077893
2411330
2073667
972616
80611
509933
304113
