154
100000000
268655
2942499
10802395
17571387
4566537
14852613
6072001
12742783
13007844
1744826
18739311
6320545
22287123
1578549
13967569
5838788
13848170
21012006
17264524
2149274
8596805
3849413
7044868
13010062
24108630
24216260
4863079
3599454
669602
11783001
19778952
15733671
7503473
3744911
15871021
19725097
17381778
5986861
16531121
3999093
24832961
22724218
3644706
2549661
3346654
7126186
5831118
245165
1479679
8756806
19425950
2108269
903304
11282647
285285
8399926
2852152
17948914
19880183
3170158
3942063
10863173
14261341
23362961
601031
2784801
16600199
3761523
6708380
3095692
3919682
1520562
2211022
6803472
12056646
9983053
5599613
2122961
22889461
15344837
403053
5163879
13539776
8827948
5286382
21178000
10373557
6815902
1485937
976766
16930870
14307446
4282365
10111906
5661981
928828
13487547
1261496
1520826
24539198
20546806
23085045
19488962
2035010
12686714
790838
4673865
5180895
14987924
1592319
11807120
8670815
5375233
20569094
20442390
15284044
10187007
11115309
10167744
3790789
3085424
20476977
6121898
19908607
2446546
12097503
22826887
6543459
19130516
6653
10906590
11048754
4144282
13645796
630147
15237367
10809333
7126860
23772706
2341787
3924185
2401945
4183777
11889511
23708102
4386294
1222832
22212705
19084327
3844461
15352460
2001060
8867813
4249884
