131
100000
13747
15062
10212
7044
7608
4539
135
23901
16145
6002
23941
20079
7779
1182
9772
2938
13812
8835
10402
7627
21749
21208
7639
338
6843
1040
13852
24972
6133
19433
23078
7636
6773
21812
23479
1167
16587
7038
15899
1743
14771
1346
14536
8584
21902
8046
2030
8175
4950
11283
16336
6853
17390
15311
3071
7463
21093
11399
24084
20870
19932
24737
22493
4066
5432
8048
7799
9412
22531
2624
17839
19241
889
19346
9683
2809
3967
17038
2960
13258
12703
16327
6
21930
20127
7615
13212
14211
1882
15205
16062
4348
7058
23970
2617
10290
14139
4272
17788
6499
194
17198
13
17328
13617
14366
7185
17244
3597
10221
2754
20853
15064
10952
13493
9767
24710
6965
22064
4176
9196
4934
9202
24006
17688
2584
3317
17678
3638
11552
1405
