138
100000
4701
5966
1877
21655
8054
5104
18977
2620
2732
16495
11225
14294
4654
4523
24458
2059
10321
22465
3919
6538
3462
24589
12898
15868
7768
8503
12304
5606
16843
4584
13818
12775
6473
9143
8195
3235
366
13977
17918
9693
23750
16000
22661
9209
10815
8
5361
5411
16038
412
3000
3328
19033
2818
15733
10565
11082
7639
17540
8651
19318
11518
16965
15395
23481
6322
7253
22545
708
22765
9820
24742
21167
24907
11643
24850
14710
336
11515
5338
3720
13573
1519
9094
12453
15339
6411
16511
9450
1929
16292
6635
5800
3174
7551
13456
6347
17486
16508
9768
18248
21150
13444
16114
3356
4704
12726
9573
13274
4297
558
8416
7699
20205
3865
4748
11991
1460
22045
12752
5437
2406
15738
18960
2082
84
17040
4066
15991
1016
22710
22686
14911
12081
1191
9708
15980
9265
