129
100000000
3718736
12640568
8691466
318688
11959304
10365724
8805592
3939068
3856660
14855058
24119054
13974441
15704465
12618314
8717684
1582389
18929848
13571815
22859298
2858649
10839515
13748906
10559572
18480992
15544559
22355873
20554015
3909307
257926
16251
12718
4092425
20203113
1406417
21205741
3155165
24720036
1314119
12509553
15460488
16005658
1447502
21133063
23050433
11944301
12460677
20574201
5808678
19842248
4842031
10762815
10435752
19631253
23118961
15746761
8380618
10030194
2757889
3293433
7087045
11542914
9069767
12649084
15617750
24203232
20306465
21723616
2464034
14182540
2129835
23226553
23417033
23008055
20721212
15975558
3037673
18673973
18114560
2463166
16720104
24323152
22440955
11403698
6476467
13649030
6256055
1198754
15116907
21364836
4724466
14434716
15619593
6386474
24083112
9622225
18675340
2712114
11875157
6259264
11383455
1486115
15380099
6179680
3456839
9168535
21198
20061276
3414709
19849704
2243525
20399779
998955
9953344
4167040
7484825
634319
18739865
10585871
22448408
1438190
2461235
19051605
24442948
3794498
14782519
3941678
18875956
3712351
785015
