127
1000
60
127
170
184
168
88
234
126
183
78
195
155
58
247
108
7
9
151
46
164
15
23
132
11
249
10
58
190
165
150
66
238
120
34
95
217
97
168
62
11
151
10
133
34
205
10
146
135
27
233
143
9
95
137
187
151
46
70
190
35
48
237
246
245
2
239
35
24
181
54
19
21
38
202
209
123
246
58
83
34
249
18
229
88
120
222
126
94
100
12
233
113
174
183
199
248
109
134
22
104
191
62
23
74
1
155
249
219
181
111
91
20
12
103
212
212
143
3
153
79
6
160
132
92
229
120
30
