134
100000000
9086836
3752582
9167697
6711670
24813681
19077772
16107509
5634601
1547405
18416204
6655408
15653
11439783
11791818
15409094
23028525
548868
19089233
4821610
10834737
6998714
24698583
2144428
21960239
6923271
11494264
3037150
6468453
8929782
794599
18899683
2634884
24396080
17300264
6735403
18309622
8014401
21128656
9306185
1910603
15534475
6032104
6465790
19385792
7074772
3126346
9045790
19535046
3768202
670120
2381189
7729434
51105
6980674
16963121
11930693
23915758
9189972
5999202
4419936
9971949
9079226
22498151
10721520
19414258
20528500
10872990
4811455
7227166
12820972
24607952
6959908
3891650
7583928
18529959
12918373
13065883
12643663
17004155
13075577
10766585
22822812
1414190
24424743
18284297
7989556
11744199
14950396
11817192
823997
24905988
2030497
20641661
167968
10079074
5463531
4117372
7289015
23981325
19144222
16874917
503030
15396373
15277136
22163770
8684476
9400387
5789232
16389757
8021279
13634545
16831302
20371766
4163601
16314208
13832745
20320802
2378735
1140780
2953286
3857556
13269437
730752
10854524
23545425
12953370
20312574
7837925
3586527
5677342
19639186
6474963
11210645
8286321
