132
100000
3746
2397
6868
15199
17498
14602
3378
21244
6711
18503
18
6325
11446
3499
9951
4203
4422
9996
2488
16937
9822
6771
450
20613
9031
21657
14853
15341
10144
18054
2323
23909
3705
4859
6578
11749
12332
4796
804
18486
11940
19381
21781
24962
10518
20339
21961
13375
22362
11250
24844
9580
1647
15445
5283
1059
20907
9128
9623
22088
258
21356
23587
22971
14384
790
9840
11289
1529
24613
332
8862
12248
10843
19451
14597
21199
17321
4094
179
24669
10900
13488
17620
13434
15383
1873
4419
22719
7729
16805
20749
5102
20113
17616
1010
13869
15293
9909
14104
11160
11611
18705
9244
10399
9909
10185
22053
10106
3124
1489
17717
8878
1794
1836
5867
7069
16316
2804
1556
8242
9241
13029
7641
1324
23808
11604
13622
7383
1380
18470
2706
