120
1000
66
199
243
9
108
229
73
175
187
221
72
86
77
19
87
194
147
124
159
188
220
243
111
91
133
191
187
127
140
38
85
16
66
56
29
207
142
169
136
78
201
30
161
137
94
33
111
130
187
172
244
38
197
159
221
86
137
60
114
17
235
58
15
247
1
123
124
208
92
177
153
65
225
80
50
138
230
203
61
68
154
6
241
206
226
106
27
23
134
138
33
230
250
58
162
139
165
20
65
17
31
32
191
184
163
86
41
99
205
27
58
56
13
197
204
237
212
57
76
221
