139
100000000
18024377
18871392
17555953
13517505
4991527
18141324
11886353
2431540
2687617
14572141
5903560
10466648
17593504
1426076
10474848
19993962
3160273
15099397
1962093
18057655
9940092
24107824
11854051
20765561
1895395
14233916
17953295
9477565
2915559
11413444
18444756
21474457
760281
7866836
21285694
6503922
13372413
20172419
1274831
15901736
15330991
5186779
13561481
24916481
17893293
3327
13260413
23864882
9620929
122583
3280285
2131998
13670894
3271730
315074
16878403
7130671
39346
10698136
3751737
8300100
789275
20435511
22389476
6769888
3407951
12389939
4743249
1673327
1822353
1799727
12951652
1074637
2336933
14047846
7795847
7642022
20176230
21132262
23944731
12701527
3036001
11542523
16699963
6028323
14422231
1971032
2799807
20751959
14499547
19424085
13593499
3354190
12988383
14693147
5431587
9542164
3317979
15419394
22065258
23606353
13703252
7197614
12800516
21190889
6343357
19926307
23934167
15560949
22721195
13892401
3563430
5891501
1880762
14783269
6742479
1223273
23006003
12895419
6743774
22244481
11422424
134328
739840
19005031
13111416
1000530
13971250
19322898
5268936
24181481
2643191
2124942
1542712
8860020
2141183
142643
10214869
1054135
