136
100000
2616
10101
18986
283
3883
24784
11792
15718
23878
13393
10135
11862
1343
13222
16093
3056
4075
23816
10824
18021
11446
383
14885
4606
11294
24565
18706
14833
15165
7145
2171
16995
20965
21546
11605
3401
3662
11568
12167
18818
19490
20621
4982
5310
12584
4797
4121
4326
22337
10779
1737
13467
20034
21385
22359
14676
15407
9084
7727
10751
6294
19607
11397
6295
24393
5477
11786
159
2218
13908
18278
147
10884
11816
10472
14129
22539
15036
7767
8461
7387
22591
8082
4
6517
6458
2281
16015
13107
2614
3697
20963
11899
4651
21332
21136
9836
3367
6127
19657
22175
13829
1392
24710
2565
6348
13684
1810
4500
4880
16603
2654
4106
6598
11488
21834
20110
10591
1818
2243
3080
9063
24318
16400
10608
11881
15527
16158
5429
1200
21415
2016
3657
987
3878
1880
