126
10000
2229
542
899
225
2262
2003
1491
966
216
884
953
6
1017
1065
1552
566
2189
865
1598
1764
279
1397
580
2349
83
2174
877
2423
77
631
162
866
1322
888
2093
793
609
2059
2329
2048
1200
170
1261
716
623
2453
1062
803
689
1789
1273
507
1838
738
117
515
1839
498
2044
2295
1500
1094
652
1
2051
1879
2388
2077
657
1370
157
641
577
1588
1583
2
580
336
1195
1897
237
2318
1077
1773
1161
1548
2114
523
1629
808
2426
2210
1065
1373
550
254
1320
2131
1933
2495
1119
677
1662
1608
68
267
1574
393
1978
723
1956
951
1381
1859
1392
2064
435
556
303
955
1950
355
191
271
2157
2224
