122
10000000
2270541
1926354
630104
1266614
1286869
1893283
639256
394533
1497930
1108258
1484896
2161949
2061181
2251779
1166925
143540
1336509
1502240
1582981
577511
424557
1043635
2119278
2431606
709390
1219972
1992266
623685
2117008
19719
201723
714047
1474526
964438
2485750
818709
391783
1826739
1211795
2271949
904773
1116750
2189539
1818336
900063
1810385
2135904
923563
2475605
980489
1056282
1401013
1555745
2159205
1503949
724467
597317
1768142
1399491
491235
858302
2257594
346419
1678679
1192758
873737
699850
2344098
203531
618219
149392
1976503
1338633
2138514
794750
17711
367979
31820
1553577
733139
1312748
353
1538472
2353164
1594566
1658152
1440241
1022914
1173170
869227
2468682
1033602
968736
1714763
1284483
2228951
569171
2253705
445339
829454
641442
919201
507901
1121785
1638421
524747
914365
548913
225395
907932
770865
2393441
795687
1487419
493770
1898896
652277
83187
264290
1550243
2492825
2073819
