122
10000
880
1072
1565
1152
2311
1440
1305
2217
319
2332
556
427
814
1169
748
2208
123
668
1457
2433
1
1594
582
815
189
190
990
1596
1823
371
1123
847
934
1165
1837
1101
1377
1586
2291
1496
275
255
1060
1304
1851
1443
963
1342
89
149
677
1951
791
307
1031
833
1511
1921
831
1291
2037
1394
607
1193
771
978
307
1390
1261
14
1822
1839
1715
2029
518
1219
525
1455
438
1719
856
1748
2052
1807
556
2013
971
1374
2222
1740
181
1580
769
1037
2359
671
2163
2428
1864
1642
1984
1683
1660
566
2011
1670
2052
812
589
1030
2413
1755
1728
333
301
2370
902
867
71
1213
1276
2471
