120
1000
210
204
36
158
200
186
72
41
118
29
49
187
222
77
133
67
5
172
118
94
194
197
4
174
76
70
121
215
156
179
78
84
52
162
243
207
170
184
206
232
28
66
122
137
190
132
164
176
142
231
90
70
19
116
68
165
243
103
74
95
165
41
172
245
213
91
122
182
137
193
105
54
9
235
172
128
53
62
209
130
110
140
227
171
81
119
215
66
190
165
108
42
44
151
7
142
145
165
160
147
2
103
14
1
34
158
16
81
114
140
147
12
87
91
59
159
168
218
148
122
