134
10000000
1016967
1492663
276754
1040424
209793
652414
672742
2107010
19435
2290399
2239029
602420
1230958
220059
2094660
128832
50263
665426
2292238
1712615
1961161
1255294
1242841
265292
348329
1705291
1067205
290966
1050918
1925694
123624
550632
1354895
197876
2364
795705
931082
1715940
1138725
1289082
1204688
621987
479861
817531
528565
386431
220651
919426
803200
2127568
2222923
2266970
97810
1235403
2234405
2019281
1390945
98889
2163140
893267
2233730
108785
420470
246969
876875
277110
734963
974992
2423801
8955
1273455
2293503
1445636
19489
764457
778074
934096
1703
1406659
719887
911702
1109469
1215317
892905
153076
904721
2380552
453067
1326281
1674356
1343752
1500990
2227375
1541299
1772028
1844158
232205
1698196
1637031
240243
2189192
1703987
1822765
252763
219150
1345817
1762048
494781
168988
1564850
2382089
2256404
367988
1286276
2083527
473061
1834922
2419481
2439929
629353
2038187
2180601
1844861
1873065
867930
845594
449418
809180
475914
643616
253652
512123
1076507
2468691
