147
10000000
691443
108546
329896
249060
2054636
1122923
1940822
776349
1819807
746080
593062
1336845
491763
498137
1313909
1211287
250745
1474982
67117
2306774
688997
801368
1257946
506702
541637
1911514
537526
2364943
1700391
1447961
1193858
1235455
1091677
785866
661076
1802173
530372
1069233
450661
89771
168314
578380
317355
1433097
1380659
807893
1350791
112107
574400
1794200
1840793
1048115
14142
744248
216295
594004
1919632
230286
325840
132695
1438414
655345
153964
706417
454200
152772
1814658
128210
1126925
182843
442731
1673003
1523812
59993
1779533
675334
2255489
830145
695351
2008240
1077295
1085929
1608177
2230348
1453718
594948
541174
2379534
1001680
1269107
1108730
922988
1094589
239814
329579
538576
2494821
271445
2489158
940893
404091
2221638
386346
2465854
1839298
157
453126
2200912
90458
1117919
322891
2469603
2163898
1066555
1822272
2320748
388328
314750
819988
1830213
2440778
1696392
693103
1556347
2151006
90869
849720
170042
243961
949291
463032
1126437
499712
1455285
684163
1228229
2496986
265475
1879184
7308
741616
130756
1480473
254507
2166102
194143
1319600
