135
1000000
112502
61853
130290
132807
25882
97922
77832
116826
48196
86057
192082
102744
248378
63402
198547
128080
94537
26772
94056
135926
134753
133603
177559
228781
44518
15730
82320
136522
175261
65827
95084
122441
78519
22283
234042
141692
192311
175392
66779
117994
171066
74735
46657
139374
83
84166
201525
111644
243969
233891
131147
21458
96617
4455
111724
119487
80009
73131
19064
25865
32202
180029
97065
110206
230358
60918
203872
203106
44778
58369
149408
47491
90946
107073
228860
3080
13202
99846
225137
163133
211114
202696
19584
66337
49072
68306
7425
87935
155893
113008
47069
248858
216380
116595
52731
215632
4378
72010
5757
33493
126682
186756
24366
2376
64276
32753
159359
133176
103910
76849
46686
61348
39425
160237
28600
248326
246632
31496
31288
16184
185661
87148
85862
196460
184255
93909
205399
113455
80831
125679
183856
245900
89969
154136
197234
