120
100000000
9712745
5800538
7424029
14100713
2986490
21352286
7857427
12907079
14629067
760317
23698910
14996321
20902363
9257681
18262951
1697028
15303923
23297109
7973066
4275321
13543943
773745
2634230
20715738
8120687
18672599
2292723
1812810
502048
8442055
9384962
10758522
14587467
20895071
1620906
14669980
17758948
4329011
9776417
24638300
1966339
8351890
10544044
13993850
13644580
10904203
4887185
8793117
18784
3489726
23001685
15690692
9769994
17941069
4375088
3595458
20658641
19316831
21280465
13452774
20201561
21361454
17436596
12762143
5311375
16938835
24617281
22214738
4503921
1997781
17844220
13914833
10854948
3641370
6538141
14529542
5355745
17865824
4275296
12235951
15988797
876902
5125605
14309692
10172395
21167422
15679059
4772303
21947078
17641720
19300805
15385167
10603636
16974566
23398457
23490913
1864059
15923324
24634200
17893326
23254510
21393745
10421371
16596524
8047588
12769956
22387374
9667709
21941156
18887544
7099444
7347059
3307925
6856886
18475647
7679619
13082484
21971547
8054004
20404986
