136
1000000
28023
18165
47877
114486
189792
30944
113217
158763
236854
140832
109463
12633
32657
141808
152596
214537
230149
178305
150910
145626
95848
212470
48297
166303
4865
106007
95230
142148
214901
107535
112630
12812
244010
91241
29622
99986
103761
242959
76845
20081
200334
24515
210409
49326
208339
100384
46612
101215
84505
15053
16428
161792
74570
228992
176072
198659
48047
204148
67142
32684
122266
87499
154239
169606
22646
186682
31653
18879
73564
156634
25373
32210
212176
209680
81717
47830
98272
134358
134792
62424
49926
218685
233284
160073
12120
151015
206516
87985
162862
236549
67838
37800
92955
108440
46445
96375
40111
47079
84996
96997
88143
146097
38416
169461
124035
227710
54993
119038
51554
55065
3872
124363
16031
65448
63085
72741
59761
187838
154976
103445
75281
151751
19548
88374
190
177461
204005
73320
82977
136726
228935
91486
73430
9524
216721
219234
