137
10000000
1377254
327673
716549
2008746
330538
132738
1846929
373040
269288
29997
889767
115143
2226605
88350
124530
2147100
1537200
2494579
1515186
1592082
1503351
809654
1804365
1295435
1248493
2399109
1546531
778174
161446
33559
64105
1520587
1638175
524058
1765627
1620808
2179174
668423
1603209
726859
193173
961669
270819
1977643
2189592
297002
2331949
534617
268763
2277318
1878973
194164
345722
2470389
1335021
545839
1347072
1539190
7071
2365174
1315378
526243
1369907
2325503
344499
605644
1788648
845835
1867728
162920
911136
2360819
474646
221363
249069
1341422
915107
970410
158678
1597676
5604
399983
2086502
737491
919649
79
690330
719204
245882
1515527
2410374
959816
1909800
1092650
1253654
1334157
372124
2098196
1711494
701899
76982
164948
297474
563219
45229
1884554
675396
1326386
56054
731607
202046
2053608
909904
2439767
1358148
1659994
1813463
470447
381894
121981
2484802
1385723
920397
2127516
907329
1182472
782343
500840
2254120
688937
227100
1653947
1642933
1864115
2377745
1407375
1476563
