131
1000000
137467
150616
102117
70440
76078
45387
1341
239005
161442
60014
239403
200789
77785
11818
97716
29432
138111
88346
104012
76268
217488
212080
76386
3375
68423
10400
138519
249715
61329
194325
230774
76359
67728
218115
234783
11668
165865
70371
158986
17421
147705
13453
145352
85839
219017
80480
20294
81750
49494
112827
163357
68529
173897
153136
30705
74628
210929
113990
240832
208696
199318
247369
224922
40660
54311
80475
77988
94164
225306
26237
178417
192408
8933
193459
96829
28089
39663
170374
29595
132575
127021
163288
57
219298
201268
76142
132117
142141
18818
152050
160657
43537
70606
239695
26170
102897
141385
42715
177873
64986
1934
171973
130
173279
136165
143654
71850
172433
35963
102203
27537
208529
150634
109513
134926
97668
247093
69645
220637
41752
91979
49333
92042
240054
176901
25871
33165
176777
36380
115516
14044
