129
100000
16466
18151
6142
16613
21106
9648
12603
21979
248
18223
21073
24464
19572
24469
23437
18613
3872
15371
2994
9450
3265
4343
16859
11469
8278
813
9196
19837
20282
16530
4390
441
6890
19714
9377
19529
21121
5554
3887
653
13643
3032
14462
2695
80
21424
3099
18698
525
2869
7188
22856
4882
12058
17076
11759
3895
2744
20003
18274
10528
12557
743
18893
5916
7132
9226
19229
3
11569
1584
22892
21039
13057
1636
11662
2932
3054
5919
9426
8534
6847
18712
9407
11001
14744
7959
20325
7679
7629
11903
12101
14737
18878
6718
5843
24811
12415
16770
6619
10396
20389
20417
16629
3802
1050
10412
19297
149
5810
5703
21218
4646
19262
2143
11464
20449
21864
8969
15068
11794
14180
21159
17207
15838
7213
9903
6796
15960
