120
1000
125
191
241
227
198
45
208
43
198
102
217
157
53
67
137
140
139
205
6
108
249
1
145
193
171
184
46
57
183
14
7
184
70
144
180
43
21
171
148
185
14
107
95
1
226
104
92
138
50
91
137
151
172
125
129
36
116
179
197
114
11
206
10
217
131
239
105
138
153
36
78
134
250
73
57
207
138
202
146
148
6
110
238
7
117
92
44
156
67
227
212
55
128
114
128
192
179
64
89
232
31
100
196
84
81
224
129
94
165
187
24
130
231
88
90
48
175
222
30
58
