134
10000000
908684
375259
916770
671167
2481369
1907778
1610751
563461
154741
1841621
665541
1566
1143974
1179182
1540910
2302853
54887
1908924
482161
1083474
699872
2469859
214443
2196024
692328
1149427
303715
646846
892979
79460
1889969
263489
2439608
1730027
673541
1830963
801441
2112866
930619
191061
1553448
603207
646579
1938580
707478
312630
904579
1953505
376817
67012
238119
772944
5107
698068
1696313
1193070
2391576
918995
599921
441994
997195
907923
2249816
1072152
1941426
2052850
1087299
481146
722717
1282098
2460796
695991
389165
758393
1852996
1291838
1306589
1264367
1700416
1307558
1076654
2282282
141419
2442475
1828430
798956
1174417
1495034
1181715
82400
2490599
203050
2064167
16797
1007908
546354
411738
728902
2398133
1914423
1687490
50303
1539638
1527714
2216377
868448
940039
578924
1638976
802128
1363455
1683131
2037177
416361
1631417
1383275
2032081
237869
114075
295329
385756
1326944
73076
1085453
2354543
1295337
2031258
783793
358653
567735
1963919
647497
1121065
828628
