128
10000
1339
2088
2071
423
1015
457
579
1772
796
2488
76
1226
1425
1329
1066
596
158
737
2188
384
2172
135
595
252
461
2176
488
175
1405
1823
702
1203
107
795
1546
2233
419
1567
1320
1815
178
1388
1190
2383
727
19
798
1218
201
1938
1463
2366
92
1885
1383
11
638
202
2244
1637
2458
2439
701
270
1693
1603
1216
329
1569
2
1311
1808
653
860
1906
146
568
1287
1115
1289
1171
770
772
1513
1915
2312
515
2493
371
2289
2240
1281
555
745
2474
807
250
2318
2212
2144
1741
65
1783
117
1356
570
600
1439
2463
2467
2016
23
356
2356
349
1222
1519
27
1745
366
1508
1685
2367
106
2114
428
635
644
