147
100000000
6914423
1085453
3298956
2490599
20546354
11229228
19408238
7763489
18198068
7460796
5930619
13368448
4917630
4981369
13139135
12112866
2507479
14749816
671167
23067735
6889969
8013729
12579460
5067012
5416361
19115132
5375259
23649427
17003967
14479643
11938580
12354543
10916770
7858653
6610751
18021723
5303715
10692328
4506601
897750
1683131
5783793
3173541
14330963
13806589
8078924
13507908
1121065
5743996
17941994
18407923
10481146
141419
7442475
2162941
5940039
19196313
2302853
3258393
1326944
14384199
6553448
1539638
7064167
4541994
1527714
18146579
1282098
11269243
1828430
4427338
16730027
15238119
599921
17795329
6753339
22554887
8301441
6953505
20082400
10772944
10859282
16081766
22303477
14537177
5949479
5411738
23795337
10016797
12691061
11087299
9229877
10945915
2398133
3295827
5385756
24948207
2714443
24891576
9408924
4040910
22216377
3863455
24658531
18392979
1566
4531258
22009157
904579
11179182
3228902
24696024
21638976
10665541
18222717
23207478
3883275
3147497
8199872
18302128
24407778
16963919
6931077
15563461
21510058
908684
8497195
1700416
2439608
9492903
4630313
11264367
4997139
14552850
6841621
12282282
24969859
2654741
18791838
73076
7416155
1307558
14804771
2545068
21661020
1941426
13195991
