122
10000
1055
1531
1516
977
338
1726
1699
88
1515
2
1568
598
1860
1965
1554
2032
2242
1777
1646
1934
995
407
2348
357
2277
1034
1101
1379
154
1715
1154
902
1148
148
300
259
899
66
1913
1583
347
807
2403
2227
575
683
2274
1158
2495
2197
1259
2074
978
1579
761
1177
1984
2193
138
2073
1416
1215
2124
2196
2380
675
1358
1976
79
433
1375
815
470
2168
605
400
206
584
1009
992
1443
58
128
939
2426
1690
1508
1967
355
1137
1195
745
636
2375
1120
796
2479
1016
1588
1472
1285
107
1675
1422
2473
1761
356
170
21
1401
969
1201
2099
74
398
2326
1044
96
1223
1988
2443
775
