127
1000000
161945
132215
30259
166239
186073
50976
99868
114185
135010
249419
210376
120303
53
224690
158810
112448
227975
211627
67552
67673
129773
59180
163953
147074
98173
67892
82337
215582
56770
234971
75795
221774
203713
132850
88209
95889
23737
119353
105622
41283
58336
100336
59178
120764
225593
195777
89256
144666
30447
57996
247863
20248
74066
71971
70386
53914
47369
84343
181415
216037
110669
137155
147409
159835
144837
218553
75477
147751
46476
88056
201186
21558
246341
123924
105771
114741
180197
240017
31546
6061
90793
198686
74293
96217
127958
168268
188684
25721
85152
167513
85251
153473
61045
146531
2866
37610
68031
46480
243441
33993
123374
233362
173840
87767
51963
88067
92960
217733
96179
20311
109017
137881
13535
110867
108670
107107
198881
175039
12478
79591
223113
130385
101615
103470
78431
126802
106409
