134
1000000
164423
73313
42962
66828
55529
110570
184706
228188
165960
109016
39544
92187
162185
59331
17867
41318
84897
108147
202748
146925
222910
206674
98581
188770
99121
34772
208135
49624
130817
47219
226120
19835
200153
91713
105884
122071
27443
114216
58799
31062
132903
15940
114957
10
16075
158661
113738
75706
38707
194507
9623
80558
141593
211914
57709
90888
3008
62605
121580
90858
40799
163035
113417
36930
193230
172372
88937
143388
65074
87959
108466
208119
236221
168063
149271
64399
20000
126489
238797
43216
96353
93634
229378
156707
4268
123101
116775
93236
185366
23699
41494
160293
171630
148792
45515
130654
170281
156765
58806
108739
51889
230178
21858
233303
142272
192150
97165
78067
238892
136511
163046
52550
83553
212756
33596
85309
162126
153326
15101
170103
194201
57477
110716
3750
19244
117471
199710
49889
137902
187919
21165
82681
132128
176225
