145
100000
23615
12244
8063
15007
14818
4684
23567
21040
21595
1954
9530
20690
16900
5569
13808
13978
24666
4246
17793
7885
7840
3490
3042
1807
9764
13880
1261
7593
6192
17025
20449
12145
20336
11200
491
5705
4894
1016
4804
22231
11324
12888
7999
12642
15954
15885
8289
13169
538
1021
6468
7199
4003
7524
839
7582
14761
22566
1340
5690
11504
2960
8201
24196
3523
1582
374
2080
14090
22098
5705
17356
6171
13087
8002
12479
4416
19426
6743
3185
6341
3029
7689
9348
10573
10898
8500
13417
486
14
2446
21727
4706
19575
16800
17342
571
5120
20654
4976
1858
7849
2292
14254
21726
21432
23218
13122
13632
8565
7290
11678
11663
15505
4217
24079
9134
13484
21171
8773
21814
2697
5885
23780
4071
4110
5570
3158
20224
4299
830
21076
10751
10143
15
13262
1203
1976
20779
24114
20737
9727
807
5100
3042
