136
10000
281
182
479
1145
1898
310
1133
1588
2369
1409
1095
127
327
1415
1526
2146
2302
1784
1510
1457
959
2125
483
1664
42
1061
953
1422
2150
1076
1127
129
2441
913
297
1000
1033
2430
769
201
2004
246
2105
494
2084
1004
467
1008
846
151
165
1612
746
2288
1761
1987
481
2042
672
327
1223
875
1543
1697
227
1867
313
189
731
1567
254
318
2122
2097
818
479
980
1341
1348
625
500
2187
2333
1601
122
1511
2066
880
1629
2366
679
378
930
1083
465
964
402
465
850
970
882
1461
385
1695
1241
2278
550
1186
516
545
39
1244
161
655
631
728
598
1879
1550
1035
753
1518
196
884
2
1775
2041
734
830
1368
2290
915
735
96
2168
2193
