130
10000
1639
1
896
767
1522
76
1996
2102
281
168
680
948
1735
1549
800
1083
2374
1134
1188
610
233
1355
186
826
1478
1708
1412
1949
1736
1233
1653
181
269
2425
529
1889
1344
1374
875
2199
1839
60
1676
517
2352
385
723
2049
1821
461
808
1230
321
433
143
952
971
1324
576
1826
1923
2076
464
1861
125
491
1135
1577
638
1136
2037
2353
5
150
913
2056
850
1582
2415
387
1729
843
1522
623
960
815
1929
51
1632
1895
2099
794
2473
1488
1347
691
2383
1246
1356
966
1444
1660
916
1671
36
825
715
2037
1464
420
1866
1545
2052
1723
196
1812
664
1486
174
1243
736
634
605
317
770
489
1269
1391
1833
121
