127
1000
213
115
26
192
111
139
146
237
23
233
13
76
221
228
153
37
227
39
76
159
53
194
243
118
163
31
111
96
30
38
150
74
223
21
103
1
55
21
76
84
208
120
60
74
11
189
165
4
214
98
53
72
17
193
22
60
164
180
18
33
159
31
46
19
237
53
118
30
226
226
160
42
182
181
51
26
223
141
229
59
6
229
139
174
116
133
123
117
128
250
165
138
72
46
205
129
67
236
23
234
170
228
158
109
52
232
230
157
201
130
35
17
32
88
206
57
95
213
173
5
99
144
23
151
211
100
11
