136
1000
21
249
187
67
33
146
6
56
7
227
209
162
174
132
109
204
116
62
113
29
5
61
117
1
201
133
61
198
5
181
213
92
86
7
123
214
23
28
207
27
132
74
91
247
118
143
215
191
181
183
11
168
26
90
118
184
10
139
85
135
193
26
63
116
159
250
12
7
12
182
12
214
12
94
133
100
107
106
131
203
114
165
71
234
29
38
5
127
146
225
17
61
13
179
71
142
41
23
211
27
48
2
177
204
41
28
250
62
88
204
107
137
95
138
219
238
199
52
60
45
180
154
13
66
133
48
95
233
89
26
184
180
60
162
46
33
