129
1000
136
119
116
9
76
97
114
22
127
49
12
93
90
46
51
220
207
178
96
227
234
108
242
162
74
181
111
1
79
70
93
90
240
152
167
172
158
67
152
152
196
62
31
109
43
44
12
7
164
107
26
198
125
227
224
138
15
237
112
153
174
197
200
43
56
125
41
169
149
110
180
52
50
224
59
112
241
53
219
28
139
176
195
111
137
1
40
85
23
81
162
16
19
125
156
121
126
121
93
65
44
112
12
156
197
163
239
215
26
22
143
11
206
185
60
27
84
214
194
41
65
209
91
244
33
30
136
118
229
