128
10000
1410
128
95
138
631
652
1000
1156
1680
1104
672
432
295
406
451
188
2464
440
361
536
638
1936
2359
1006
2486
2430
1978
1646
441
1295
407
870
386
963
904
1146
75
687
1464
2226
1533
1082
2108
1
1015
467
720
334
641
1847
1325
1833
1896
628
332
2276
2085
872
1166
874
2318
1864
408
722
2066
2080
754
1404
1469
1509
729
2455
2276
1289
797
482
653
1769
2045
2269
671
424
374
1666
529
515
2182
339
2161
1590
894
2162
1736
1093
1528
61
919
2162
631
336
1286
1812
1218
1678
1826
1312
167
1031
209
2110
1947
610
2075
756
1739
1554
1945
748
1119
2440
2467
992
798
95
1940
1185
151
842
