129
100000000
4699699
5460145
9262115
11568260
5574723
7120823
6928434
23934924
9007670
12409120
10653758
3994037
23932171
24860569
1681932
18642946
18217895
6300666
2537248
17234442
3886642
12439206
18460871
2774631
11829070
12990060
4612389
17190979
10190676
6583124
17046769
21917495
21672455
2570067
16683678
7320106
3510970
24498539
14972679
17225298
5331487
6174713
19366104
11174527
3128597
15671444
28580
1034255
8859015
23601300
17809695
18904676
17769020
2970601
22784959
11821154
3863623
12938271
11532649
10097262
706491
11094111
6979203
5332066
18354094
2985595
16017495
4019161
4400693
15705263
24118477
4659477
4875041
24452013
11804111
21327685
8927928
6022003
19803395
8221269
2256720
13154063
21183670
4927811
9240020
7823566
7240
7704374
4739422
2949864
17059381
16709582
14677624
9787065
20406458
19941352
6066226
21795152
24689105
6007676
8347694
24679700
11106721
3349176
24251373
7327662
22006178
10264759
14590929
18273925
21006099
5033187
17555002
3680551
16901883
15016340
8708703
518700
9799406
24778175
4380697
20105471
2654682
3616660
9166062
3397342
21780064
3780701
15731003
