134
100000000
10169670
14926627
2767588
10404239
2097921
6524133
6727413
21070092
194341
22903983
22390281
6024199
12309577
2200582
20946594
1288319
502629
6654282
22922378
17126142
19611609
12552937
12428405
2652916
3483289
17052901
10672042
2909653
10509172
19256934
1236231
5506314
13548942
1978755
23638
7957049
9310860
17159394
11387244
12890861
12046873
6219870
4798602
8175309
5285641
3864304
2206570
9194259
8031995
21275676
22229222
22669692
978099
12354022
22344047
20192807
13909442
988886
21631400
8932665
22337297
1087848
4204691
2469683
8768742
2771097
7349628
9749911
24238005
89543
12734545
22935021
14456393
194890
7644565
7780737
9340951
17023
14066589
7198861
9117019
11094690
12153161
8929041
1530760
9047209
23805512
4530689
13262844
16743556
13437512
15009894
22273744
15412987
17720277
18441576
2322041
16981992
16370303
2402424
21891916
17039892
18227642
2527622
2191544
13458165
17620476
4947807
1689926
15648492
23820887
22564037
3679922
12862757
20835262
4730610
18349214
24194808
24399290
6293521
20381867
21806001
18448602
18730650
8679295
8455933
4494180
8091796
4759190
6436158
2536516
5121277
10765068
24686909
