134
1000
102
150
24
105
21
66
68
211
2
230
224
61
124
23
210
13
6
64
230
172
197
126
125
27
35
171
107
30
106
193
13
56
136
20
1
80
89
172
114
125
121
63
48
82
53
39
15
92
81
213
223
227
10
124
224
202
140
10
217
90
224
11
43
25
88
28
74
98
243
1
128
230
140
2
77
78
94
1
141
72
92
111
122
90
16
91
239
43
130
168
135
151
223
155
178
185
24
165
164
25
219
168
183
26
19
135
177
50
11
157
239
226
34
129
209
48
184
242
244
63
204
219
185
188
87
85
45
81
43
65
26
46
108
247
