128
10000
1023
62
1307
899
1457
258
2099
384
1794
271
2499
1351
2165
1063
1403
1953
1266
1443
650
836
264
263
2412
821
2389
763
793
1895
209
1851
870
1188
1156
1331
961
1136
2393
2320
786
1515
1582
2254
2312
795
161
437
1413
714
886
1026
1846
368
398
960
2049
1378
1628
1616
1
586
944
2395
661
1177
1944
1545
1067
1630
1102
1550
1337
689
103
1805
1143
1402
363
877
1115
1535
492
1114
1064
1836
1162
471
1736
1510
500
1550
1666
52
171
2000
480
1969
25
2072
2120
106
746
864
691
2150
1129
1361
184
1405
1363
1133
1185
1475
815
1182
1823
1408
188
907
896
751
411
28
377
2376
1138
2420
2058
1147
