128
100000
13389
20878
20704
4228
10207
4598
5814
17742
7954
24876
753
12258
14250
13288
10651
5955
1578
7365
21878
3835
21718
1344
5944
2550
4610
21757
4871
1815
14044
18224
7012
12050
1065
7949
15455
22323
4182
15664
13195
18149
1772
13913
11892
23827
7263
184
7972
12180
2001
19374
14627
23658
917
18841
13823
106
6377
2014
22470
16364
24571
24384
7005
2746
16929
16023
12158
3283
15688
15
13104
18071
6521
8594
19056
1456
5675
12862
11145
12886
11703
7691
7718
15124
19144
23116
5149
24922
3710
22882
22393
12803
5547
7448
24734
8066
2496
23177
22113
21436
17402
677
17830
1165
13556
5700
6044
14385
24621
24670
20160
221
3559
23556
3490
12214
15183
310
17447
3654
15073
16846
23661
1125
21133
4305
6341
6431
