132
10000000
374508
239659
686722
1519859
1749800
1460167
338211
2124384
671021
1850238
1722
632438
1144518
349816
995037
420215
442194
999552
248715
1693601
982469
677354
44989
2061265
903030
2165627
1485289
1534043
1014369
1805334
232276
2390803
370858
485888
657770
1174871
1233171
479505
80383
1848555
1193998
1938015
2178082
2496193
1051792
2033825
2196029
1337406
2236193
1125410
2484384
957997
165191
1544427
528225
105865
2090640
912784
962246
2208793
25783
2135569
2358699
2297100
1438314
78966
984317
1128852
152865
2461237
33138
886510
1224797
1084233
1945001
1459638
2119807
1732095
409393
17875
2466845
1089997
1349061
1761931
1343895
1538296
187248
441822
2271826
773284
1680485
2074862
510546
2011273
1761560
100989
1386816
1529260
990895
1410307
1115944
1161063
1870458
924332
1039838
990895
1018477
2205293
1010510
312377
148855
1771602
888025
179368
183569
586904
706875
1631585
280378
155561
824153
924611
1302874
764059
132341
2380734
1160311
1362172
738284
137946
1846915
270583
