129
10000
340
1806
389
907
298
1510
830
1192
1945
2490
1457
1544
2460
225
1671
2165
1674
1037
948
1508
93
1700
334
2366
337
1422
1594
103
209
595
2461
1899
1864
1389
1191
2216
1731
156
54
1122
452
1028
782
1263
1834
74
21
1828
574
1312
1428
957
2283
1
454
1311
1257
410
1906
775
14
737
84
614
1200
2387
2283
375
915
619
2334
2488
2043
2373
2087
207
217
1222
1502
2489
1327
256
935
578
2184
494
653
963
1668
1825
1898
1499
183
343
2323
691
2448
2016
1983
1635
532
1072
475
94
1805
2458
1083
181
119
996
1368
1257
144
1541
2325
1364
2118
102
2480
266
949
2114
875
231
610
199
349
90
1529
