129
1000
206
42
119
90
221
52
69
242
131
132
212
59
68
139
47
50
130
123
206
85
207
228
44
148
183
117
36
68
154
19
17
77
13
144
67
215
231
215
2
36
160
35
196
187
2
193
8
85
246
115
17
173
159
60
77
5
95
21
24
243
112
3
139
91
47
130
190
174
154
1
182
21
239
16
239
107
192
131
147
56
19
40
166
42
37
87
116
38
54
208
69
90
215
248
245
225
217
111
97
116
13
23
123
45
240
157
21
11
91
79
21
248
132
231
48
81
197
168
75
155
52
175
224
3
52
248
190
242
99
