131
10000000
1409170
2256345
1030564
1611615
188070
1095863
839197
1014908
330280
1830738
1495115
1166772
121674
1019673
2241654
1936924
2047853
1285314
791940
1040711
979975
434860
505819
861339
1295318
2022121
467428
172681
1767158
207318
496970
1143451
390630
656608
2337213
67770
532116
909774
1528968
46385
249340
975563
1522773
285326
393797
824381
2436458
1847337
1712847
306929
911827
1404170
1287855
1415090
527266
1309955
570143
622185
471628
548274
1703399
2027870
2050135
192295
801334
1868040
309983
2193196
73411
750118
684987
1278220
667412
2180252
245350
809013
1687972
896646
1432096
740696
1650701
1895214
2425302
2379379
2049655
2236118
600893
2353814
689090
462189
538725
1522968
1172609
2177915
2466153
1138919
895792
1218419
1035275
1689350
404812
1047400
2354461
1182150
2374962
1047304
1742
145764
469170
59857
1370378
1404753
2389790
1898669
762082
880155
652547
368796
772134
2409813
358294
877546
560855
2298803
677968
730898
1717153
2462883
681305
2101538
1143687
