128
10000
209
1656
492
1867
614
1762
1144
2259
185
660
1349
1603
672
1113
2074
245
750
938
1284
876
1624
1557
1581
1915
1177
2437
180
1213
1720
288
1627
2
2026
1804
2240
1760
1036
2442
764
1174
799
1826
2163
550
1771
1018
2325
839
1904
1353
2121
409
279
980
1164
1955
678
819
2059
414
1630
298
1335
233
184
248
1075
510
955
1925
1711
2062
2082
142
1131
2365
1661
854
995
1178
1942
1354
1500
260
2317
242
1074
1002
1733
2114
1694
1227
638
1402
1467
1603
1342
1872
1542
363
1496
1975
107
21
866
1933
1573
688
602
110
930
666
170
379
81
385
52
177
201
378
2330
560
2455
692
1146
2144
521
2355
