132
10000
328
1906
2150
21
2497
368
1263
1829
1139
108
2323
1964
765
1183
307
359
756
233
91
1968
1493
1467
1826
1659
8
82
174
2445
765
1641
1592
1964
80
1482
2121
1127
746
1308
789
1510
455
2252
1210
2480
2429
1335
246
16
539
1467
1547
2093
555
58
910
1613
2092
1004
1783
352
367
322
418
1557
1646
772
2142
1637
23
204
523
237
2138
575
610
1696
1051
791
880
1610
1844
775
1363
420
682
284
546
289
2467
394
2429
2461
1394
1656
1448
1233
299
1855
1155
388
1188
1758
2391
2488
51
1633
55
2464
1659
1135
1991
71
2
879
44
1641
1724
382
1887
1290
28
955
1977
2396
292
1387
839
820
75
482
958
2204
