134
100000
799
7458
18256
13370
19673
14921
16458
11872
7950
24877
503
277
14670
3972
7553
16403
157
24447
14395
4846
2492
16586
24609
5223
15092
12894
3023
11829
2914
5546
24284
8383
18281
18863
13862
1073
18436
21497
8781
577
741
24792
3672
4196
4541
1737
3062
5453
6091
3277
13989
12124
25
2356
7646
16410
12668
23901
19908
23225
4174
13076
19632
16329
3211
5213
11546
15561
24661
10502
2033
17830
16958
13629
226
2368
24635
7716
23957
17232
2835
17574
11387
16091
11264
7747
16122
21207
6815
550
16370
20927
14820
5775
906
9547
14474
16552
7644
21376
10095
3816
2989
3872
21419
24967
14670
11375
705
16
3661
7902
15464
15915
19634
9099
9575
8795
5430
8244
12329
3515
20911
3583
22038
210
19059
19764
817
16587
436
24287
18549
2884
