135
1000
37
249
135
160
219
173
152
218
111
32
243
19
124
191
93
148
130
236
179
46
210
7
39
194
23
47
99
185
52
10
51
154
140
202
167
50
97
8
55
125
160
58
197
180
218
232
76
214
131
175
48
49
78
62
120
56
89
250
101
15
214
9
178
106
129
82
12
2
74
226
112
109
51
19
184
90
62
7
59
66
33
1
46
77
58
25
188
14
141
6
175
50
8
33
116
114
218
161
104
138
67
147
229
212
70
59
174
85
3
8
127
232
245
167
112
18
91
198
190
102
24
45
234
137
245
111
71
21
159
84
186
101
178
51
1
