127
100000
21221
11451
3026
19199
11526
13876
14581
23693
2260
23229
1234
7548
22023
22741
15260
3671
22655
3851
7521
15895
5280
19316
24258
11716
16289
3042
11082
9598
3255
3751
14998
7307
22268
2002
10243
20
5401
2055
7594
8317
20722
11903
5982
7350
1587
18861
16401
314
21398
9702
5287
7146
2057
19208
2102
5982
16395
17917
1733
3206
15847
3081
4570
2419
23672
5246
11702
2913
22571
22506
15976
4174
18140
18010
5348
2560
22296
14059
22882
5881
555
22841
13853
17382
11952
13219
12836
12059
13184
24965
16431
13764
7575
4990
20443
12893
6631
23522
2206
23383
16968
22706
15710
10866
5200
23109
22927
15634
20080
12998
3401
1614
3153
8731
20518
5686
9403
21242
17274
489
9828
14369
2704
15019
21300
9988
1040
