129
100000000
16465616
18150578
6141825
16612580
21105852
9647496
12602651
21978631
247484
18222836
21072152
24463031
19571592
24468042
23436858
18612291
3871637
15370450
2999146
9449752
3264055
4342984
16858548
11468534
8277521
812177
9195478
19836105
20281085
16529992
4394950
440060
6889754
19713865
9376266
19528724
21120092
5553696
3886497
652774
13647752
3031502
14461863
2694366
79184
21423499
3101898
18697252
524331
2868535
7187712
22855337
4884929
12057445
17078719
11758119
3894200
2743992
20002643
18273173
10527547
12556039
742743
18892601
5918629
7137018
9225728
19228270
2740
11568815
1583014
22891840
21038226
13056392
1635716
11661530
2931141
3057527
5918633
9425073
8537452
6846618
18711573
9406702
11000275
14743671
7964795
20324740
7678581
7628660
11902428
12100239
14736056
18877882
6717488
5842005
24810258
12414697
16769314
6618208
10395068
20388116
20416709
16628583
3801992
1049861
10411588
19300611
148489
5813858
5702188
21217395
4645796
19261046
2142514
11463610
20448489
21863085
8968782
15072025
11797107
14179701
21158412
17206118
15837872
7212641
9902285
6795731
15959356
