135
10000000
782836
2056220
316892
802574
224390
1539072
814026
1560559
1157338
49749
2271753
397448
42745
39787
1233412
2179844
2022109
451911
2083667
591659
1343691
744263
160769
2080805
900640
6774
407754
578764
2117113
1500683
1382930
914503
799459
547312
2271865
1117090
2428757
617511
2102471
2449575
264148
119915
1220328
1648777
1048616
771143
470074
2318064
169324
539406
1324611
187913
455450
1326212
185276
887844
1509521
814604
1128421
1425157
1505113
1191601
991035
1551097
2130880
1849284
1512093
2319649
1999052
982360
1610913
1312454
1879623
1439458
1397776
292532
524774
102909
232653
2428169
508766
30850
1037
117706
522717
1713339
2275022
587643
1427294
752504
1020010
1086314
997385
2062205
324512
1061109
925521
689576
2199071
991241
153774
2185349
898835
2092557
367897
742955
1318759
1468708
1289049
1788182
1636128
2073989
2393858
2100703
1858588
235819
2052103
908686
1322670
1500160
416168
1134071
1570249
278374
26263
102610
684539
2366535
555640
822550
2419396
1169197
143125
278213
191530
