134
10000000
392204
250069
429372
111683
1632498
2392898
284710
1645754
1530023
1331185
138536
525060
299379
439530
2434014
1785629
1617134
1115466
1412386
449275
268038
232966
37123
1348767
732786
1435686
1616404
1803161
2411874
805263
713835
1044926
969471
1352897
1615903
1658929
643455
85050
448933
722960
2007876
1220495
898335
1526463
1185918
1399944
1722439
639010
1106269
1479659
355875
1026087
546928
2335746
1535457
1554349
1178467
1275362
1657146
2177894
685
1764362
1225572
1354178
1360015
475607
787645
950498
1250661
1904076
848696
1967134
992196
1397572
1112438
1509557
548653
356224
673592
1539603
19796
1523387
131083
209468
1115758
262466
2066014
1692329
175547
1065262
828393
70272
239839
2055136
654318
2153073
461655
1453045
1362123
1801530
92613
1132181
1653145
439129
1744658
942856
415383
404552
1900663
1056432
210502
1919646
131887
1413194
1387217
2109215
1282694
464637
1715772
1094067
603675
2459027
973151
2069381
1117011
2452565
1218593
973550
685998
1347029
2014098
1388424
1775578
1057068
