136
100000000
2802286
1816495
4787619
11448510
18979137
3094386
11321670
15876259
23685357
14083195
10946277
1263267
3265660
14181061
15259532
21453661
23014861
17830441
15090965
14562520
9584703
21246939
4829647
16630273
486974
10600657
9522969
14214705
21490001
10753484
11262917
1281126
24400952
9124097
2962141
9998571
10376396
24295869
7684445
2008012
20033377
2451472
21040865
4932544
20833888
10038393
4661164
10121741
8450438
1505284
1642789
16179694
7456954
22899423
17607122
19865832
4804654
20414787
6714192
3268359
12226570
8749837
15423828
16960551
2264569
18668102
3165695
1887900
7356836
15663301
2537257
3221552
21217575
20967999
8171672
4782954
9827580
13436090
13479176
6242314
4992538
21868495
23328307
16007297
1211977
15101446
20651567
8798441
16286111
23654883
6783702
3779962
9295429
10844260
4644465
9637430
4011036
4708405
8499531
9699619
8814289
14609679
3841508
16946061
12403489
22770945
5499295
11904188
5155355
5507018
387192
12436243
1603002
6544709
6308500
7274033
5976027
18783749
15497581
10344448
7528014
15175006
1954710
8837369
18979
17746026
20400431
7331943
8297659
13672579
22893462
9148528
7342907
952356
21672086
21923366
