129
100000000
17610
5850387
6505158
14319834
18480696
3690909
4159334
6749103
9637886
1237334
2445613
2787249
22813659
6184241
13543237
12879675
14799311
23221869
3416914
11656919
12685215
15591040
17658170
3875504
10176514
2678838
8097428
10268924
24287481
4865831
18398939
2911534
17128061
6921005
5963863
7960231
15519236
23726285
334358
22012010
5005561
12588926
15935420
17320919
23780228
8933946
20050629
5412886
6795156
5910906
16472691
7159843
985902
14784309
19726645
10738144
10589750
20960024
4034468
19672029
10471655
14343443
20718229
6962797
3556047
3458511
11447542
4383672
18482114
6903609
10080273
20238603
13597426
24896472
10086115
5837493
111975
197447
20869949
4149014
22094084
19589129
2181734
6089245
12688964
4834118
6925663
11223325
21580268
24370948
17603244
17204897
24613251
17824118
1923594
3059016
19944753
14224120
4728258
9731220
18221398
9992476
7072096
1590964
7176997
15916794
16825436
8658465
24641201
5905489
2512143
23434051
2814080
10702328
4158079
8346204
18375468
20288679
14945590
21317666
13527009
7469563
10469458
19664112
12793147
17823333
13407090
9476926
16931636
