131
10000000
476396
2187372
1644211
1222459
2462052
1377951
547316
1793757
111279
573900
11208
392373
2105510
1414319
327144
448735
23257
1352210
1094237
1140438
652811
868597
162436
710251
742304
1714431
1467221
35019
2482940
1881341
1583342
447212
853863
1525732
667575
2292722
1405745
104867
1005879
1242315
1724019
1889951
574090
606301
777300
793124
2293707
50749
1895727
586229
1885015
29698
1345654
1228365
941224
88012
1589698
2392607
832315
599976
760399
1872617
805999
573707
1731683
1343498
1718710
1442529
1144568
1275577
548799
1154635
2420048
548
1183727
2200055
1071717
148549
1568040
2227768
774328
1743479
1323642
1739503
2332306
428503
825717
2411489
49497
1351303
249699
1655505
1564948
1792882
1629909
181667
871710
162714
1110740
2178957
234909
1239451
303816
1168401
1369324
1278521
929160
335941
316603
1463591
130555
1707646
209973
20531
2313763
15837
1721171
1619955
1577624
1875254
1980457
691872
2351624
1130116
538874
822516
1320870
2079014
1845146
778840
2380486
