130
1000
94
203
86
240
124
168
113
149
20
60
219
97
100
106
89
133
127
57
164
246
31
123
155
196
202
123
116
13
69
21
183
149
24
26
133
136
29
240
42
250
39
85
82
28
18
39
84
1
82
171
73
217
123
101
148
161
132
225
44
190
159
28
136
113
50
249
173
81
181
41
149
122
55
139
190
142
48
78
140
11
4
114
145
46
77
50
120
52
196
17
207
35
30
240
31
126
114
50
208
144
232
22
133
192
15
237
92
48
4
240
96
54
183
209
151
112
3
82
102
29
237
108
75
210
191
227
106
183
216
21
