132
100000000
6947581
18535949
20262217
4799362
8968516
6256642
18113320
13453350
470385
18422820
22143826
3206339
11183547
334699
15362696
15598971
11250059
1067142
22568191
3577216
19185060
14627437
3570497
943222
23667790
5439094
24132607
10659198
20951964
12221709
12523
14631385
4732963
18002066
18086045
584601
23839015
6066196
10659817
22080458
10711349
7269469
10615549
7327275
21904952
22520310
831212
19924790
8840212
11335947
8849164
12107908
904117
12869222
7236632
10452706
20508634
5907636
14433455
22595830
15402424
13698392
8399936
21902925
11624397
9329233
5134374
13603324
635680
23258250
2427580
3427813
22444948
271386
4544554
9686361
17362629
16422800
1073291
1131352
5567927
16411521
5628037
17998521
13465042
5119746
18341286
20781733
16567144
20584539
1391645
23836340
179971
5369336
22217304
14195411
22268242
9541874
21237924
10538617
10460462
174762
8902050
9539795
1005743
1528482
21715542
19516864
17429720
2959223
10324327
11874250
20172632
5290742
2731016
12317098
10372337
12334158
8063259
6513329
14850945
14370825
8683620
3867025
22263381
2443259
15531406
15114930
2886008
8857288
10730546
388323
