134
100000000
3390191
7605703
20792050
11209620
17385123
3899561
2408814
3799733
12894462
23529701
23698905
7480962
10709360
13790134
20771730
3000648
15601422
8878753
8549077
20325796
16293613
12950541
15293930
11535877
15638915
18238971
20977977
12821480
6080723
21500531
1255861
13947819
11960748
7988153
9987005
20017788
9954200
20075849
10468958
1106432
5989105
13110
15092616
6789195
20314262
16756638
17019114
12019977
6884441
11942274
15235291
7908286
13089068
14608765
18465664
9987621
20022424
5644216
20203484
1681717
20914992
4485225
4503061
1916702
21798923
17221216
24175219
3927946
7937157
5369212
17329542
17198299
22139196
4041193
1578400
24787392
11593978
1141423
7841714
8176520
17365980
1850599
229273
9935148
9669602
3574280
14789040
14916617
3162630
9380177
536390
18438098
20785982
8176062
23272177
8481129
6878724
7101243
9404274
24984160
15610601
10456172
9733452
3607561
12326885
7641106
1811225
11871024
5365039
12247824
4313946
2410948
344294
17610601
5024332
1445249
15115251
16866955
2946757
1768841
8761593
1977599
200707
19029593
10416351
24792329
24091948
13684384
15065098
4887432
14112016
2625538
6358788
16985282
