132
1000
99
7
14
183
224
52
44
46
206
22
118
54
95
228
146
88
173
90
52
133
145
9
174
146
201
31
120
95
203
181
46
197
99
152
39
30
151
135
239
168
72
247
2
130
179
250
169
40
164
128
9
119
68
71
92
29
141
153
92
158
12
246
186
16
235
45
37
53
60
78
68
250
1
140
122
22
248
159
7
133
12
194
53
171
84
8
29
179
21
76
222
148
188
130
47
72
113
38
232
74
165
65
248
156
39
17
51
163
150
95
78
108
10
71
51
152
57
24
223
222
205
225
93
94
144
138
68
85
210
148
184
104
