129
100000000
15064419
4311924
14137068
24976205
10762
24043215
4337486
7554952
13472256
2992970
13613010
24943090
18839807
24764037
9167776
16472302
3195454
901203
22082111
18847437
4833033
14678468
18865478
22830404
4217942
15797805
1006644
18961402
8827141
4877357
9032559
14608787
9277395
1691142
13670295
18989347
9868532
4350181
14686348
2196520
3307875
19917011
9785155
20642958
10585007
16611060
18658052
21786794
13479475
6498983
13248788
24254584
21626040
9842884
2558704
8438986
3947401
22536652
18497738
20311250
5987476
4124452
3175844
12552792
18718981
13957319
15263707
7077130
11954900
5864459
11364969
5643932
6881177
7804468
23022305
1001941
2315357
19653238
1068882
10202732
21192518
21818090
7026200
161140
21167597
13621045
17533333
9031252
65683
111713
18386382
12308708
3337766
1037437
3930320
2293638
1451725
1404979
19312480
12781176
23509749
12112592
2340673
18898002
10864274
13224646
15948698
24757731
4477179
20200593
11511883
10410164
19878031
7645967
15003902
10872867
15622200
1939847
24527070
12676406
11025365
2770381
14197512
21999116
6632905
7726206
3902396
7908790
8275951
