130
10000
932
2027
856
2394
1239
1676
1122
1485
244
592
2186
966
997
1055
883
1321
1270
563
1631
2457
305
1221
1546
1953
2013
1225
1157
121
686
210
1827
1486
235
255
1328
1353
284
2391
413
2496
387
841
811
311
180
383
834
2
820
1710
763
2164
1223
1002
1474
1608
1320
2244
434
1891
1586
320
1356
1129
497
2484
1729
807
1805
428
1483
1218
543
1383
1891
1418
476
779
1400
110
33
1160
1444
452
801
499
1198
516
1957
222
2061
391
297
2391
349
1255
1134
500
2075
1434
2319
216
1323
1914
194
2369
947
477
40
2399
1003
540
1828
2084
1509
1120
25
816
1015
284
2363
1100
745
2099
1907
2266
1090
1828
2160
206
