127
10000
1242
241
1640
1906
134
987
1496
1813
714
2480
1126
12
2127
1572
1348
81
1584
2270
338
1884
2106
307
389
79
961
287
1362
2170
1915
888
130
1623
2030
1488
929
869
2266
1034
1580
934
292
2329
1
157
130
1879
236
1809
1799
1152
450
1708
2127
1317
470
1840
1616
1786
1916
1933
1056
2277
1170
305
1816
571
405
2243
1473
1736
2066
1288
1750
1123
168
543
834
2492
412
1751
310
158
195
2376
1818
1412
1372
1082
1705
234
1145
922
16
164
2317
1680
552
1144
23
1651
1924
661
476
2258
1279
2212
1448
583
312
1863
680
1764
664
2047
1635
440
583
1919
1582
220
1681
146
2472
436
641
559
471
