128
1000
17
162
50
187
62
177
115
226
19
66
135
161
68
112
208
25
75
94
127
88
163
156
159
192
118
244
16
122
172
29
163
1
201
181
224
176
104
245
77
118
80
183
217
55
178
98
233
84
187
136
213
41
28
98
117
196
68
82
206
42
163
30
134
19
19
25
103
51
96
193
172
207
209
15
114
237
167
86
100
118
195
131
150
26
232
25
108
98
174
212
170
123
64
141
147
161
135
188
155
31
150
198
11
3
87
194
158
69
61
11
93
67
12
38
9
39
6
18
17
38
233
52
246
70
115
215
53
236
