132
10000
375
240
687
1520
1750
1461
333
2125
672
1851
2
633
1145
350
996
421
443
1000
249
1694
979
675
45
2062
904
2166
1486
1535
1015
1806
233
2391
367
486
658
1175
1234
480
81
1849
1194
1939
2179
2497
1052
2034
2197
1338
2237
1120
2485
958
161
1545
529
106
2091
913
963
2209
26
2136
2359
2298
1439
79
980
1129
153
2462
34
883
1225
1085
1946
1460
2120
1733
410
18
2467
1090
1348
1762
1339
1539
188
442
2272
768
1681
2075
507
2012
1762
101
1387
1530
991
1411
1116
1162
1871
925
1040
991
1019
2206
1011
313
149
1772
885
180
184
585
707
1632
281
156
825
921
1303
765
133
2381
1161
1363
739
138
1847
271
