129
100000
3719
12641
8692
319
11960
10366
8806
3940
3857
14856
24120
13975
15702
12619
8718
1583
18930
13572
22860
2859
10840
13749
10560
18481
15539
22353
20555
3910
258
17
13
4093
20204
1407
21206
3156
24721
1315
12510
15457
16006
1448
21134
23051
11945
12461
20575
5809
19843
4839
10763
10436
19632
23119
15747
8381
10031
2753
3294
7088
11539
9070
12650
15618
24204
20307
21724
2458
14179
2130
23227
23418
23009
20722
15976
3038
18674
18115
2464
16721
24324
22441
11404
6472
13650
6250
1199
15117
21365
4725
14435
15617
6387
24084
9623
18676
2713
11876
6260
11384
1487
15381
6180
3457
9169
22
20062
3415
19850
2240
20400
999
9954
4168
7485
631
18740
10582
22449
1439
2462
19052
24443
3795
14783
3942
18876
3713
786
