126
1000
143
27
8
246
37
90
62
24
52
182
132
20
90
27
116
62
227
35
42
2
216
182
170
131
233
100
156
110
172
223
18
179
151
54
178
194
65
196
24
37
228
212
125
173
123
238
204
249
109
8
236
47
155
61
98
83
13
2
213
216
15
144
162
1
170
65
90
100
197
104
18
93
74
187
153
148
54
139
126
48
32
6
120
127
83
3
200
15
53
245
33
45
113
181
202
127
238
232
242
143
78
69
78
185
82
108
218
74
107
49
217
130
26
238
59
126
72
201
244
44
238
230
29
74
237
53
