134
100000000
3922036
2500687
4293719
1116830
16324980
23928979
2847095
16457533
15300228
13311849
1385382
5250597
2993787
4395297
24340138
17856284
16171333
11154657
14123855
4492773
2680379
2329702
371222
13487670
7327851
14356857
16164040
18031603
24118738
8052630
7138343
10449251
9694704
13528970
16159025
16589289
6434594
850491
4489326
7229600
20078753
12204948
8983389
15264630
11859176
13999438
17224385
6390097
11062681
14796583
3558747
10260868
5469280
23357460
15354563
15543486
11784661
12753671
16571456
21778931
6849
17643612
12255712
13541771
13600148
4756070
7876444
9504980
12506606
19040781
8486958
19671337
9921955
13975762
11124380
15095565
5486571
3562255
6735913
15396030
197960
15233866
1310826
2094678
11157576
2624651
20660137
16923285
1755469
10652614
8283921
702711
2398389
20551351
6543178
21530727
4616545
14530441
13621221
18015295
926124
11321810
16531450
4391284
17446576
9428571
4153824
4045519
19006628
10564318
2105012
19196451
1318866
14131933
13872203
21092144
12826959
4646370
17157713
10940665
6036741
24590262
9731501
20693801
11170105
24525645
12185969
9735499
6859980
13470289
20140979
13884239
17755828
10570675
