125
1000
97
159
224
244
138
225
174
124
196
31
128
54
228
145
220
120
211
106
101
76
184
75
247
189
34
212
75
147
19
78
127
96
57
13
226
97
154
204
160
89
219
47
52
111
148
241
79
108
58
84
71
47
42
89
145
181
88
109
216
249
58
168
148
164
248
7
202
235
121
176
21
217
60
108
85
32
222
187
138
113
51
102
46
55
86
52
107
130
38
111
21
136
121
57
31
60
14
68
63
133
22
148
234
104
169
199
1
110
76
86
106
215
159
96
131
131
115
83
68
91
93
199
115
120
69
