127
100000000
12416281
2409759
16391568
19057339
1338591
9910680
14953573
18125063
7135249
24794988
11256807
118776
21269551
15713771
13479160
809177
15838901
22693596
3415496
18834059
21053281
3067359
3964132
786496
9604083
2915816
13614115
21692795
19140320
8877950
1294092
16254920
20294628
14874520
9283006
8720787
22655287
10334631
15791320
9337760
2918437
23281568
4109
1564399
1293217
18821808
2353427
18082174
17987109
11517871
4529168
17070797
21263007
13160089
4695415
18399663
16156521
17853642
19158778
19326092
10555674
22769927
11694546
3045878
18150359
5702988
4041548
22427312
14725867
17353222
20656619
12871225
17492295
11253184
1674628
5421627
8330544
24918870
4115988
17503964
3092602
1574791
1986105
23798064
18172733
14110053
13718265
10818962
17047252
2334254
11442990
9212738
153971
1637609
23205531
16793086
5510295
11439034
222734
16500413
19237618
6608228
4754158
22576232
12787822
22115506
14471243
5829745
3117382
18622045
6796272
17637178
6630614
20467946
16342405
4396711
5876355
19180137
15816823
2227200
16802803
1505137
24715387
4357388
6403977
5586167
4702800
