138
100000000
4700194
5965347
1876291
21654811
8053755
5107878
18976685
2624661
2731766
16494778
11224515
14293264
4653093
4522895
24457879
2058686
10320831
22464514
3918963
6537789
3461636
24588148
12897300
15867702
7767238
8502078
12303976
5605323
16842238
4583849
13817442
12774434
6475355
9142149
8194879
3234227
365376
13976643
17917369
9692896
23749076
15999357
22660401
9208102
10814704
7827
5360760
5414147
16037386
411999
2999601
3327704
19032942
2817301
15732895
10564328
11081885
7638568
17539537
8650132
19317273
11517384
16964891
15394616
23480120
6321832
7257898
22547302
707095
22764250
9819593
24741033
21166891
24906841
11642113
24849292
14709968
335060
11514263
5341269
3719978
13572214
1518575
9096556
12452994
15338671
6410486
16510640
9449842
1928778
16291964
6634719
5802616
3177204
7550287
13455302
6346214
17485975
16507201
9767523
18247132
21149385
13448765
16113583
3355835
4709276
12725338
9572111
13273703
4296406
560758
8415651
7698187
20204547
3864717
4747394
11990663
1464439
22044617
12751515
5436495
2405728
15737482
18959187
2081801
83984
17039613
4071790
15990337
1015249
22709967
22685883
14910805
12080771
1190595
9707129
15979954
9264980
