129
10000000
1646562
1815058
614183
1661258
2110586
964750
1260266
2197864
24749
1822284
2107216
2446304
1957160
2446805
2343686
1861230
387164
1537045
299910
944976
326406
434299
1685855
1146854
827753
81218
919548
1983611
2028109
1653000
439491
44006
688976
1971387
937627
1952873
2112010
555370
388650
65278
1364771
303151
1446187
269437
7919
2142350
310188
1869726
52434
286854
718772
2285534
488489
1205745
1707868
1175812
389420
274400
2000265
1827318
1052755
1255604
74275
1889261
591858
713698
922573
1922827
274
1156882
158302
2289184
2103823
1305640
163572
1166153
293115
305751
591864
942508
853743
684662
1871158
940671
1100028
1474368
796474
2032474
767859
762866
1190243
1210024
1473606
1887789
671749
584201
2481026
1241470
1676932
661821
1039507
2038812
2041671
1662859
380200
104987
1041159
1930058
14849
581382
570219
2121740
464580
1926105
214252
1146361
2044849
2186309
896879
1507198
1179707
1417971
2115842
1720612
1583788
721265
990229
679574
1595936
