130
10000000
1419863
1121813
463628
492681
633156
1641059
1803248
179339
2057400
2215817
1051765
217075
2438700
2381983
645690
1464764
607
2107728
501963
61666
820852
577935
1570349
2193736
232470
1059413
1913299
626200
1645514
855286
2082913
480249
162872
2239951
2355164
187041
1517356
1903346
1263597
1364347
1532155
108113
145634
836981
1229747
2203682
1600525
194179
1473840
425947
2190853
994552
811303
1280582
549865
1132210
563571
11019
2457986
1451691
1936260
1643277
2031800
2289153
596610
205098
45130
715554
1304800
1320398
254769
1145958
390023
110615
2186444
1093088
2161439
1099471
2068363
258070
2193083
1529490
340108
1064803
1006182
1305281
545386
1488243
2108829
951730
1178500
1135023
465885
572604
1292781
62982
813747
145472
2121958
1899815
872089
232608
724886
1519433
783194
1381509
885078
1239942
404309
1842272
2214713
925821
1942662
2024212
1321884
12628
1969337
1485726
139667
1805398
2014078
2127280
1055424
1289461
2046347
343036
112016
1289615
623235
1147648
