134
10000
2312
1235
1599
208
644
2097
405
630
928
347
2174
2294
1231
524
1609
1233
141
1913
671
2286
684
293
247
998
271
2133
1990
2026
2262
447
153
2412
97
1292
505
1492
124
2234
474
1172
1759
351
208
1390
299
1597
1772
1608
2452
173
861
2437
1604
2092
1300
1172
1245
2175
217
591
1219
194
2251
2479
1927
237
724
1
1015
1260
892
635
1968
2299
797
6
635
1066
583
310
2442
2391
892
305
1990
1421
2030
1913
857
1384
1962
1786
1683
748
292
935
1814
1624
126
2287
338
1486
861
543
20
244
984
1732
716
824
537
1501
418
678
430
1364
326
573
1435
1059
1232
2170
100
178
2465
796
680
987
1800
62
1080
1101
296
514
