136
100000000
2003008
24885833
11965420
6664554
3272044
14554088
566804
2636590
951262
22669648
20811825
16165394
17326170
13144703
10845210
20332085
11525763
16291921
11241947
15605724
3937857
6068651
11639039
18392
20097786
13286115
9341588
19795455
439592
18076044
21217911
9113803
8545877
634843
6481255
21350432
2201053
2734048
20628475
19906376
13159284
7337913
292575
24605816
11709562
8475974
21428280
19070105
18090738
18233082
1026780
16764536
2550003
8993173
11700635
10135201
934767
13827292
8487730
13492193
19272702
2598489
6244460
11541608
7084855
24966060
1163603
672508
1142231
18556178
1710812
21346554
1177347
19608633
13222303
9980685
10628803
10554849
13056667
20282148
11302892
2021263
7049063
23310327
2827811
3793090
453678
12664343
14558517
22470989
1661673
6092040
1262729
17869958
7079259
14116919
4058654
2245988
21031075
2676323
4792429
105386
17697362
20386213
4061753
2768564
24949074
6193201
8769920
20370656
10653459
13915875
9428057
13790392
22797897
23726016
19856304
5127609
6291368
4427033
18576902
15380760
1229883
6504066
13282628
4718197
9492274
23251942
9194169
2564642
18389811
24727412
5957127
16117494
4568425
3287390
