136
1000000
26152
101007
189859
2829
38829
247832
117955
157174
238772
133927
101341
118613
13424
132216
160928
30555
40744
238156
108235
180202
114455
3822
148850
46058
112932
245646
187060
148324
151648
71444
21710
169944
209644
215459
116043
34009
36620
115676
121670
188179
194899
206249
49812
53095
125837
47963
41246
43259
223382
107784
17369
134668
200336
213847
223584
146798
154061
90840
77270
107506
62937
196070
113962
62950
243921
54763
117860
1590
22219
139071
182780
1462
108840
118159
104754
141284
225385
150378
77666
84601
73862
225907
80819
32
65168
64579
22830
160178
131069
26132
37003
209623
118990
46556
213311
211355
98353
33663
61270
196569
221746
138289
13920
247091
25642
63471
136833
18092
44997
48793
166029
26539
41057
65980
114880
218336
201098
105907
18174
22422
30793
90626
243171
163998
106075
118801
155270
161579
54289
11999
214150
20159
36569
9897
38819
18840
