124
10000
1539
777
1325
1127
2160
1322
1060
1712
1496
2108
1535
76
355
1059
1856
316
1363
350
1115
801
1884
460
555
68
1566
1660
561
438
1434
2150
1900
1837
1988
1784
2070
320
559
935
1920
1033
1617
321
198
1203
483
2386
721
363
2048
2479
1216
2427
2020
1068
906
2247
1197
1807
358
491
435
398
744
2299
2406
1144
285
1127
947
749
2330
1772
2200
1179
1260
1463
1504
752
989
2493
529
1
1370
1081
2036
2135
1247
2488
181
1266
1095
174
42
451
950
1560
1126
453
310
1186
152
1562
1451
959
1031
1513
247
2179
1549
1636
668
1919
2002
458
101
275
1687
584
778
1235
2214
2287
1136
2090
