135
10000
138
178
2004
266
2001
228
188
1362
90
713
276
923
2310
187
508
637
1632
247
181
1593
606
1
620
847
1269
855
1865
123
1074
576
530
2367
1755
591
910
2059
1462
1895
1818
279
233
562
1790
1874
2349
1858
1278
570
511
521
2289
2183
1649
1476
1311
345
1316
1774
1636
588
411
2440
1603
183
2186
537
381
2345
201
731
1630
1965
1149
1677
1835
1673
950
886
34
245
2435
1493
2490
760
199
127
367
2192
479
2390
359
2187
916
609
82
254
921
464
2487
972
340
90
1330
912
964
494
1742
874
2438
1825
859
1988
2014
1518
75
1527
597
1302
647
1808
1689
607
1720
459
2326
153
144
1470
107
271
1578
2398
2277
435
2500
