134
1000000
38015
157067
88495
182179
89987
119474
200252
129676
71304
65083
147583
45178
151801
23743
50027
36992
149420
9339
102959
221205
132160
64285
28048
37598
106534
83996
53732
116847
163021
92703
98552
178075
40820
141741
132102
196709
39464
168621
77136
20970
137989
112225
107060
8621
59545
202393
45087
129194
52707
249699
707
67168
178172
140026
246316
134381
234658
183545
153970
167710
121577
139991
91118
51417
11925
175876
84999
77127
21580
44576
73723
209075
94770
193245
160719
231047
167
145060
21776
170398
6717
144771
13447
26252
197237
8812
194621
83667
152883
245825
106248
221112
5109
232498
158014
165005
16550
102832
6130
70673
29450
127798
164015
38279
187587
61164
103263
1963
95418
247005
136060
71122
150301
205392
216145
225803
247716
222993
91771
75197
56614
34907
94318
98105
145778
193570
151219
93921
16257
63742
249577
15754
94039
51122
