126
100000000
19018238
6377406
11199857
17723225
14642529
10258176
11544
10831676
24043023
10931159
2219947
2150644
4213546
16685440
24261673
14382357
1962199
16609669
15705467
9911545
1824701
18740549
4796458
10657096
22952269
1915644
15538085
16139149
3855912
18566191
22433518
856713
13808485
20573589
21030518
18706824
19982698
8141888
19390809
8548448
993864
1508945
16081950
3615611
10989898
14517851
11051707
13599052
13874540
22880727
1736967
3576542
10648214
9579234
5579798
14945342
3051163
10644016
9256127
21892535
11780144
4943015
4915845
9210747
13313516
673886
23592301
17613140
1325458
23233537
4197203
11354825
7078711
3672022
18190846
7819137
8779886
23096164
5297116
18962446
24242109
4654354
717290
9913930
15178119
6598850
8831020
11082564
17563149
7211678
12118166
12945432
2247201
13837786
5487590
20010158
6307786
22393830
22242977
11530647
21652705
10037858
6661210
17380212
5017518
16228194
23404860
9363312
8695656
3731661
13033364
23638248
18011177
11365448
24200372
22822802
9157121
10057592
12989751
22964800
14332384
4424412
9145484
5664520
17523364
2708447
