110
10000
228
812
803
2463
1444
1284
1
1001
2272
2200
1677
1902
2126
996
893
2064
582
1543
79
1124
2058
1105
461
2363
1642
1738
2407
1
2086
1408
1253
1253
823
1832
2496
2217
2007
2250
142
1435
1075
2066
2464
1397
1150
1575
1487
1379
449
1712
561
668
2321
1674
378
529
1443
1529
1682
1874
1364
796
527
1020
2173
1813
517
2456
2375
428
1969
1079
2084
1079
507
2412
1030
1331
2485
2216
529
2397
1175
851
2350
1775
95
1253
1985
208
1628
251
32
1850
1428
2209
1273
2315
1780
1069
516
412
719
2078
1076
1933
369
240
289
2370
