130
100000000
15402658
24164066
13121787
22399095
64456
580690
19349147
14081093
5299516
22345784
18667111
10251233
23612501
1023482
18021981
2535923
2599594
14810828
3257184
5528825
5775939
388903
2257573
24492750
14905615
676457
23613024
468118
14230133
874539
2724992
4403900
4305
7300537
8960581
14410146
2394991
14781960
21687177
23937154
15561992
4738152
19208922
18090483
2487593
18058387
20485337
23124500
9784707
7030941
1649781
11763231
14377861
20517187
10871388
10878608
24990482
15026274
3467039
4617286
18947413
448418
936269
4614562
6950943
10654827
15843515
7354553
4234003
11588921
23080238
20070563
10926143
44686
18950957
3799647
17653162
7966805
21379479
8727236
5445204
7527242
8335217
21248880
2682775
18179565
1644424
22559201
22595739
12872138
16323150
14402
19132162
18710958
5021117
16361067
11740073
14977236
4845037
10972491
4923483
11051088
22463221
2546192
9655430
17538975
12752471
1198763
112471
18477008
12830852
11278182
16578961
10679005
2861295
13714718
1105483
16025768
15582928
24701834
15400777
308415
17013334
3650416
21270338
4804689
20427553
19014661
16950811
17584561
