136
100000
1310
2233
12382
2875
5408
4578
19430
3607
18833
4171
4235
11389
18448
4874
12133
8448
14745
8527
23697
7055
3738
10403
4386
15004
17706
12154
11221
18420
24983
11349
11860
4516
10218
6553
365
14610
17097
17178
4858
4541
3980
9278
24794
20771
12119
6640
12893
7286
5791
21184
2988
1795
1210
21471
19
22786
1024
11816
18644
5703
20534
18738
4896
4014
23493
14298
2537
7719
18317
21505
3556
21882
23784
18990
6799
14254
2217
10475
6361
14807
7164
1483
1627
22962
21969
3747
9827
17989
1781
9866
7967
24735
543
7586
10589
10154
4603
23754
8203
6051
11147
19277
18226
5341
5069
3642
4647
18311
20758
21074
11937
19623
4939
12386
12374
18717
5530
11058
12289
13374
3056
17466
17812
11520
9562
9169
11496
8776
15079
12472
6900
15279
11692
2760
395
13341
