130
100000
15403
24165
13122
22400
65
581
19350
14082
5300
22346
18668
10247
23613
1024
18022
2536
2600
14811
3258
5529
5776
389
2258
24493
14906
677
23614
469
14227
875
2725
4404
5
7301
8961
14411
2395
14782
21688
23938
15562
4736
19209
18091
2488
18059
20483
23125
9780
7031
1650
11764
14374
20518
10872
10879
24991
15027
3468
4618
18948
449
937
4610
6951
10655
15844
7355
4235
11589
23081
20071
10927
45
18951
3800
17654
7967
21380
8728
5446
7523
8336
21249
2679
18180
1645
22560
22596
12873
16324
10
19133
18711
5022
16362
11741
14978
4846
10967
4924
11048
22464
2547
9656
17539
12753
1199
113
18478
12831
11279
16579
10680
2862
13715
1106
16026
15583
24702
15401
304
17014
3651
21271
4800
20428
19015
16948
17585
