130
1000000
163837
40
89587
76694
152183
7593
199555
210199
28027
16780
68444
94796
173465
154827
79997
108275
237323
113303
118746
60991
23266
135410
18600
82537
147718
170711
141172
194884
173536
123583
165269
18650
26804
242401
52822
188873
134382
137802
87430
219884
183864
5953
167511
51605
235195
38491
72230
204900
182058
46041
80723
122941
32053
43251
14732
95165
97082
132812
57572
182587
192277
207554
46325
186062
12908
49098
113430
157689
63758
113550
203688
235224
420
14999
91236
205568
85249
158174
241464
39102
172861
84212
152137
62265
96312
81460
192862
5077
163193
189487
209825
79339
247290
148737
134644
69088
238282
124535
135892
96587
144324
165975
91857
167079
3536
82474
71467
203665
146506
42393
186520
154480
205187
172250
19595
181123
66369
148501
17309
124247
73550
63591
60404
31610
76974
48838
126827
139087
183211
12029
