124
100000000
15155688
16428714
18881072
3211670
10447536
17384997
2187544
7498161
21580931
10098781
7961662
88642
9166282
24127255
16721028
9463973
9812768
19793734
4505778
10100781
21432912
15177873
13406405
8970535
19496925
6957417
13993245
4175945
6117976
21218298
15500618
19654846
12886873
599335
380159
10640233
21631476
1749675
14637661
16896559
5452102
24808641
23299647
4833855
14153963
3599522
24245457
12223060
19373409
17586198
23693687
5448402
16523794
14637648
12751024
18380761
11252087
5427474
23176143
9392
22995407
9188404
4060344
19041242
15400269
4888209
8879474
5379261
8469418
7881947
4120533
5210686
2251961
13498891
7651962
10329321
8820860
848514
21446663
22677194
19764771
16049722
11578049
6822290
11500843
15725537
13294336
11648555
9336300
14320685
14943593
983170
7314534
6512715
16339810
6453540
24349455
10696873
19550357
22158416
1146362
23180727
17772022
16286657
16486533
12187199
4027002
10985774
14244863
6771972
11101787
24819150
7334990
24199229
5929648
10357869
7692584
10970578
7845346
438451
7839530
6726387
22951182
5301818
