146
100000000
7420958
5276525
4421061
17965859
9317100
20388816
14262472
3436862
23120287
12347964
7476333
2511890
7658159
4922366
7456884
9890919
7978274
3879650
4231765
4518198
3560926
391659
4375187
16346516
930169
1992431
668200
7172017
6667022
2849016
8755309
12124644
18080787
124771
16758500
12092127
12327
17728694
23469561
11535441
19891840
19860719
10883883
13072162
8406082
1212390
11868285
19824682
5023884
16154794
4768902
2911534
13363466
15078383
2059664
13808652
13789021
2765614
4246520
408407
6423271
24494734
3812248
6502175
9328969
22141312
7712853
4183759
9277805
4912825
4015773
2188247
2638213
1260411
2859518
3013279
24991630
18309781
2427530
461913
5457430
5422938
8770421
2476883
12248841
6778425
24756610
22516701
24027214
4451075
2359486
17523898
7364481
21394197
9911057
6003893
17472293
17281934
1141756
1633849
9137634
7540410
7229276
11403836
24828621
17489233
1673524
19211930
11969856
13159843
5866134
3882275
7002761
8338711
9352146
7060280
22010293
19177599
356328
16264879
17108964
13190132
23705528
21253762
4724372
24818932
22373958
379258
10083636
7043428
6781664
24501237
9553611
15437480
14108399
11777719
18413728
14086245
17904310
4693197
4593644
3961327
24384963
5198988
16530884
16968907
