130
100000
9316
20267
8558
23939
12389
16760
11216
14845
2494
5912
21853
9651
9969
10549
8826
13209
12699
5625
16302
24565
3049
12202
15451
19529
20125
12241
11563
1207
6852
2094
18270
14853
2346
2550
13280
13524
2833
23906
4122
24954
3865
8406
8106
3169
1800
3825
8338
15
8196
17100
7671
21634
12221
10011
14733
16073
13198
22435
4332
18908
15854
3238
13559
11287
4970
24833
17282
8061
18048
4313
14823
12178
5421
13826
18905
14180
4752
7787
13996
1099
330
11623
14435
4511
8041
4989
11976
5154
19569
2268
20607
3925
2964
23910
3509
12543
11332
4999
20748
14338
23187
2158
13225
19134
1974
23681
9510
4766
394
23984
10073
5394
18272
20836
15082
11198
241
8154
10148
2840
23622
11025
7445
20981
19067
22652
10915
18277
21593
2058
