129
10000
545
183
2489
1277
60
1816
2305
2461
1965
1204
1841
1173
2231
379
1828
59
1380
973
1559
554
1405
2392
2490
1033
1440
568
2043
1290
724
1772
398
113
609
1328
2294
151
2488
63
1053
171
1506
457
1602
586
639
904
205
1652
920
2386
1323
468
1671
2474
396
1112
2485
865
388
435
475
931
566
1729
1178
1561
2417
698
1861
1163
1035
2146
100
45
85
1086
398
1072
106
1
766
2076
956
1926
1310
582
2405
2
1675
395
1460
1535
1192
1212
563
1886
960
1835
1077
2270
1658
1477
810
548
2262
1165
2388
38
467
894
1134
1651
225
290
200
1167
1284
1606
1173
1564
1076
1208
2402
337
1892
380
1641
274
1472
