136
10000000
280229
181650
478762
1144851
1897914
309439
1132167
1587626
2368536
1408320
1094628
126327
326566
1418103
1525954
2145367
2301487
1783045
1509097
1456252
958471
2124694
482965
1663028
48694
1060066
952297
1421471
2149001
1075349
1126292
128113
2440096
912410
296215
999858
1037636
2429587
768445
200802
2003338
245148
2104087
493255
2083389
1003840
466117
1012172
845044
150529
164279
1617964
745696
2289939
1760713
1986584
480466
2041479
671420
326836
1222657
874984
1542383
1696056
226457
1866811
316567
188790
735679
1566331
253726
322153
2121758
2096800
817168
478296
982756
1343605
1347918
624232
499254
2186850
2332831
1600730
121198
1510145
2065157
879845
1628612
2365489
678371
377997
929543
1084422
464447
963743
401104
470836
849954
969962
881429
1460968
384151
1694607
1240349
2277095
549930
1190415
515536
550697
38720
1243625
160301
654471
630850
727404
597603
1878375
1549759
1034445
752802
1517501
195471
883737
1898
1774603
2040044
733195
829766
1367258
2289347
914853
734291
95236
2167209
2192337
