120
1000000
124430
190724
240040
226661
197793
44966
207239
42730
200934
101932
216166
156223
52775
66112
136006
139140
138382
204343
5712
107142
248030
5339
144690
192461
170476
183504
45570
56210
182629
13843
6314
183196
69580
143966
183461
42439
22945
173208
147136
186826
13671
106753
101497
92
225489
103143
91950
137824
49904
90454
136230
150639
171708
124746
128175
38836
118972
178268
196270
113349
10016
205827
16589
216945
130887
238990
104060
137751
152707
35397
79388
133309
249831
72771
56515
206460
137993
201904
145309
147843
5134
112852
237355
6150
116552
91980
43850
155344
66431
226854
211631
54227
127198
117304
127269
191414
178145
63322
88487
231733
30967
99282
195585
83823
80588
223978
128363
93045
164478
186446
23591
129674
230156
92879
89350
47462
178507
221364
29786
57709
