129
1000000
205584
41246
118823
89907
220650
51925
68460
241509
130481
136663
211968
58785
67241
138975
46172
49632
129474
122740
205670
88206
206548
227202
43368
147294
182971
116704
35495
67844
153145
18761
17859
81416
12290
147018
66617
214399
230081
214845
1235
39365
159651
34388
195503
186795
1260
192504
15426
84080
245807
114856
16748
172714
158465
59560
76830
8408
94828
24454
23707
242168
111063
2532
138122
90289
203523
129752
189724
173514
153932
118
181212
20394
238016
15229
238255
106237
191273
130595
146513
55800
18582
39760
165977
41229
36086
89836
115473
40699
53069
207262
68758
94634
214481
247924
244380
224521
216688
110994
96158
115561
12133
22779
122660
44995
239991
156228
24966
10607
90650
78584
20607
247422
131180
230920
47761
80412
196211
167260
74823
907
51591
174916
223067
2634
54223
247609
189447
241869
98663
