135
10000000
137993
177798
2003927
268725
2000197
227011
187312
1361647
89006
712695
279756
922380
2309193
186858
507686
636919
1637693
246937
180307
1592800
605947
901
619087
848930
1268233
854815
1864408
127810
1073523
575963
529423
2366488
1756939
590774
909472
2058932
1461732
1894613
1817412
282738
232314
561015
1789958
1873576
2348421
1857669
1277143
569443
510888
520133
2288532
2182180
1648329
1475793
1310498
344955
1315473
1773724
1635922
593250
410131
2439153
1602739
182095
2185805
541562
384549
2344060
200681
730473
1629254
1964898
1148089
1676348
1834556
1672360
949500
885292
38443
244766
2434811
1492889
2489684
759659
198990
126846
366754
2191647
478062
2389289
358190
2186896
915523
612549
81316
253436
920951
463889
2486749
971487
339927
89743
1332395
911270
963843
493283
1741320
873266
2437657
1824786
858877
1987206
2013948
1517047
74141
1526476
596810
1301182
646900
1807319
1688789
606619
1722555
458420
2325214
152775
143726
1469300
111049
270381
1577637
2397494
2276659
434283
2499136
