136
1000000
1061
86107
12
18945
78439
80486
26806
122439
83991
165623
153976
51859
133408
229777
38898
227278
152040
69128
249761
90847
30160
247721
107483
154618
121440
7658
4500
40394
72106
161883
228089
209483
229964
203609
136100
106980
223826
64730
74598
143298
109867
113813
80193
118122
246449
40315
120559
236557
115482
22020
126229
130034
44551
159065
136962
226310
104337
18973
216598
187274
242352
136253
52371
133812
18603
195641
187976
55956
6725
13060
51675
75124
78723
12197
51786
137948
161470
225503
88118
18298
49151
16216
133465
171647
42216
75254
240966
100264
241726
183042
96485
104123
196669
149743
23802
134616
197307
99793
32683
26523
81876
93433
24438
19911
17492
70567
2184
201877
44622
12266
136671
149217
188049
77061
124000
21344
82859
106662
230879
180819
230580
71197
6785
142272
11548
19251
105283
198958
75126
109029
121423
120727
194316
76214
136486
72065
