134
10000000
1644223
733127
429646
668271
555313
1105692
1847054
2281879
1659591
1090155
395434
921864
1621843
593307
178666
413172
848968
1081468
2027476
1469245
2229097
2066734
985809
1887691
991206
347717
2081341
496265
1308164
472181
2261199
198347
2001547
917162
1058840
1220704
274465
1142176
587987
310617
1329023
159394
1149562
98
160779
1586610
1137380
757055
387067
1945067
96228
805573
1415922
2119180
577087
908875
30072
626050
1215831
908574
407983
1630341
1134162
369293
1932299
1723717
889368
1433875
650734
879629
1084659
2081185
2362209
1680624
1492705
643983
199992
1264883
2387968
432152
963523
936336
2293776
1567068
42733
1231002
1167801
932352
1853659
236990
414936
1602928
1716300
1487912
455143
1306537
1702807
1567650
588058
1087384
518883
2301777
218575
2333027
1422719
1921500
971648
780663
2388920
1365102
1630457
525496
835528
2127557
335954
853090
1621253
1533256
151010
1701024
1942010
574770
1107153
37496
192433
1174709
1997095
498886
1379011
1879189
211692
826807
1321334
1762250
