134
100000
9087
3753
9168
6712
24814
19078
16108
5635
1548
18417
6656
16
11437
11792
15410
23029
549
19090
4822
10835
6999
24699
2145
21961
6924
11495
3038
6469
8930
795
18900
2635
24397
17301
6736
18310
8015
21129
9307
1911
15535
6029
6466
19386
7075
3122
9046
19536
3763
671
2382
7730
48
6981
16964
11931
23916
9187
6000
4420
9972
9080
22499
10722
19415
20529
10873
4812
7228
12821
24608
6960
3892
7584
18530
12919
13066
12644
17005
13076
10760
22823
1415
24425
18285
7990
11741
14946
11815
824
24906
2031
20642
168
10080
5464
4118
7290
23982
19145
16872
504
15397
15278
22164
8685
9401
5790
16390
8022
13635
16832
20372
4164
16310
13833
20321
2375
1138
2954
3858
13270
731
10855
23546
12954
20313
7838
3587
5678
19640
6475
11211
8282
