136
100000
13435
24996
20742
2880
16194
14967
937
11721
17057
13662
21844
9173
1727
10911
3034
2320
7889
2293
4858
2539
5060
20133
8869
12449
1310
9289
13190
634
4605
13389
4578
16795
2806
9088
15896
22333
11959
13264
1004
11440
5023
628
2960
11627
635
19006
4427
2172
9937
9124
20514
8444
13852
15596
19847
8707
4016
15454
8950
24934
2704
8147
4748
12175
17048
2051
22795
6809
10001
10070
15055
21868
11546
14891
911
14200
11988
15348
3382
3702
8180
2848
15148
9191
7309
16064
6008
8072
446
9037
11947
902
18886
24624
23435
17406
14291
23330
19879
20464
15735
9474
3185
24689
13768
20176
7586
5
10930
12871
17868
5269
16867
1725
22086
20882
17320
13724
995
11384
5741
1136
11443
6342
13219
13735
6578
20862
12907
16775
15101
9323
10020
2985
17112
16153
