133
1000000
36775
234942
248645
76069
70586
119411
191404
117612
39999
84314
1768
47398
222442
179138
78845
151411
127539
94744
197162
62124
74251
177874
181775
208756
125210
153786
23021
2977
133390
166237
117598
156133
163347
167106
166269
227594
77414
6452
187569
134798
114954
19246
67191
31879
118662
63414
120732
6015
35734
82988
69544
39670
115418
187268
123744
211768
87099
218031
95043
91029
99778
82635
76092
73859
93260
58201
155496
94437
11308
130147
56652
216294
40730
20
210356
15805
43715
165362
221139
202240
21359
76791
221431
227476
151725
133655
216932
38487
79087
192705
97404
90205
88389
216606
161115
206376
86431
30202
24549
246201
139014
148163
173294
90562
169794
175512
81919
81597
7500
86733
63530
67322
43849
42456
181715
103777
184373
217477
25803
226844
48541
138402
33185
74369
34544
146626
11633
105100
47583
86125
149419
90973
134300
