134
1000000
7988
74571
182555
133734
196729
149204
164573
118711
79542
248766
5025
2765
146697
39754
75525
164028
1564
244462
143950
48496
24956
165851
246083
52221
150920
128937
30261
118283
29137
55454
242839
83825
182809
188621
138612
10725
184358
214965
87801
5770
7410
247919
36714
41957
45403
17369
30613
54524
60902
32770
139945
121276
304
23577
76456
164094
126722
239002
199080
232247
41733
130752
196311
163284
32103
52130
115460
155609
246609
105016
20325
178293
169577
136285
2256
23676
246347
77158
239565
172313
28349
175740
113865
160903
112637
77470
161213
212066
68146
5499
163692
209263
148191
57743
9052
95467
144737
165514
76438
213758
100977
38160
29884
38713
214181
249667
146696
113771
7044
151
36606
79016
154634
159150
196337
90986
95743
87941
54348
82472
123282
35146
209110
35822
220375
2100
190583
197638
8167
165864
4356
242861
185484
28839
