135
1000
10
207
206
120
76
228
46
76
117
230
4
119
24
112
65
138
26
224
173
1
154
131
113
91
37
17
19
67
199
119
9
31
234
194
17
94
10
176
90
46
126
45
135
193
183
207
91
66
166
18
110
102
165
242
100
129
218
128
24
209
42
86
106
26
66
233
250
46
57
239
95
134
208
66
108
37
28
77
190
15
159
80
46
137
205
132
120
1
90
2
160
221
67
138
247
34
127
31
14
84
63
185
208
101
192
144
180
36
192
134
8
203
27
63
107
90
75
119
208
7
125
118
250
246
15
193
3
136
18
174
105
14
196
77
77
