146
1000000
74210
52766
44211
179659
93171
203889
142625
34365
231203
123480
74764
25119
76582
49224
74569
98904
79783
38797
42313
45182
35610
3912
43752
163466
9302
19925
6682
71721
66671
28491
87554
121247
180808
1248
167585
120922
124
177287
234696
115355
198919
198608
108839
130722
84061
12124
118678
198247
50239
161548
47690
29116
133635
150784
20597
138087
137891
27653
42466
4085
64230
244948
38123
65022
93290
221414
77129
41832
92779
49129
40158
21883
26383
12600
28596
30133
249917
183098
24276
4620
54571
54230
87705
24769
122489
67779
247567
225168
240273
44511
23595
175239
73645
213939
99111
60039
174716
172820
11418
16339
91377
75405
72293
114039
248287
174893
16731
192120
119699
131599
58662
38823
70028
83388
93522
70603
220103
191776
3564
162649
171090
131902
237056
212538
47244
248190
223740
3793
100837
70435
67817
245013
95537
154375
141084
117778
184138
140863
179044
46932
45934
39614
243850
51990
165309
169690
