122
100000000
8798608
10715268
15678553
11510128
23100149
14398219
13045619
22164707
3187858
23312665
5557282
4269564
8134001
11731737
7476951
22070359
1224943
6673339
14568514
24322349
9783
15939394
5816366
8146729
1888300
1892828
9896711
15959047
18229811
3759824
11220804
8465891
9330643
11646591
18366120
11040974
13769061
15857354
22909630
14956114
2747550
2549516
10637018
13034078
18543283
14422236
9622733
13416119
883869
1488244
6764999
19506653
7902289
3066243
10308915
8350968
15100964
19200950
8302641
12901039
20364955
13936731
6061615
11929273
7708614
9771626
3090633
13891979
12604980
195264
18215139
18387460
17149972
20280643
5177686
12184243
5284412
14543398
4377597
17186345
8552797
17470857
20514258
18062302
5580612
20176535
9705313
13737921
22218043
17398703
1822579
15798210
7680635
10365814
23580897
6706720
21629970
24270466
18633551
16450750
19834627
16827044
16592128
5653619
20102356
16694794
20513108
8118473
5883911
10292783
24120508
17598433
17271803
3325501
3007159
23698983
9015465
8660972
705410
12125242
12755684
24709404
