135
1000
157
60
74
227
116
1
61
43
243
108
242
2
43
173
222
123
155
12
56
92
4
58
1
18
108
6
49
12
199
210
21
178
119
236
88
190
142
164
133
40
123
65
147
174
114
22
177
207
163
36
42
29
32
37
226
47
109
240
61
47
70
153
236
64
120
125
170
51
1
123
88
121
180
143
225
154
242
194
223
139
183
159
110
136
16
42
114
69
214
36
8
200
207
36
163
107
49
240
123
185
27
143
92
2
168
243
93
9
37
116
191
169
64
102
58
43
185
35
48
25
78
77
140
152
137
171
116
7
9
177
164
47
220
40
112
