138
10000000
470020
596535
187630
2165482
805376
510783
1897669
262462
273177
1649478
1122452
1429327
465310
452290
2445788
205869
1032084
2246452
391897
653779
346164
2458815
1289730
1586771
776724
850208
1230398
560533
1684224
458385
1381745
1277444
647533
914215
819488
323423
36538
1397665
1791737
969290
2374908
1599936
2266041
920811
1081471
783
536076
541411
1603739
41200
299961
332771
1903295
281731
1573290
1056433
1108189
763857
1753954
865014
1931728
1151739
1696490
1539462
2348012
632184
725786
2254727
70710
2276425
981960
2474104
2116690
2490685
1164212
2484930
1470997
33506
1151427
534123
371998
1357222
151858
909650
1245300
1533868
641049
1651064
944985
192878
1629197
663472
580258
317717
755029
1345531
634622
1748598
1650721
976753
1824714
2114939
1344873
1611359
335584
470923
1272534
957212
1327371
429641
56072
841566
769819
2020455
386472
474740
1199067
146438
2204462
1275152
543650
240573
1573749
1895919
208181
8399
1703962
407175
1599034
101525
2270997
2268589
1491081
1208078
119060
970713
1597996
926498
