135
1000000
13800
17780
200393
26870
200020
22702
18732
136165
8901
71270
27972
92238
230920
18686
50769
63692
163765
24694
18031
159280
60595
91
61909
84891
126824
85482
186441
12776
107353
57597
52943
236649
175692
59078
90948
205894
146174
189462
181742
28271
23232
56102
178996
187358
234843
185767
127715
56945
51089
52014
228854
218218
164833
147580
131050
34496
131548
177373
163593
59319
41014
243916
160274
18210
218581
54153
38451
234406
20069
73048
162926
196490
114809
167635
183456
167236
94950
88530
3840
24477
243482
149289
248969
75966
19899
12685
36676
219165
47807
238929
35819
218690
91553
61252
8132
25344
92096
46389
248675
97149
33993
8975
133237
91127
96385
49329
174132
87327
243766
182479
85888
198721
201395
151705
7415
152648
59681
130119
64690
180732
168879
60662
172253
45842
232522
15278
14373
146930
11101
27039
157764
239750
227666
43429
249914
