135
1000
146
160
239
112
205
116
14
137
237
92
24
198
20
85
152
147
30
35
114
35
49
51
4
67
29
78
228
163
78
94
197
26
96
200
56
121
198
116
52
79
20
191
218
72
4
114
135
110
103
99
127
94
139
69
142
200
12
17
211
191
230
114
228
210
6
184
170
97
204
4
141
12
37
96
126
202
106
77
97
249
20
164
90
159
162
146
62
123
35
138
245
28
211
157
176
243
154
205
173
19
53
102
66
199
28
109
148
45
104
97
14
1
204
19
143
91
71
12
216
35
139
70
138
50
31
29
51
223
214
99
23
2
232
22
72
