121
100000000
13081246
6028125
16143460
3848890
15985267
21981916
11215070
13352247
18447455
13024511
14681293
24247585
13657687
11636970
4783722
10479502
2939882
21563723
16708540
17323472
22936899
21298705
22471872
7554590
18981338
14366813
24692397
16236299
3979363
19729261
22495946
19087089
13288485
19335806
24647622
14360636
22392397
4196546
20594446
14209693
2261479
10562567
11390224
19305126
8479
19984271
4553382
3453225
17162761
6487495
24220173
7371412
5088
5773887
23487074
3894017
22325749
20399582
47326
459612
7834818
17852501
12620642
21517799
10589777
21484941
5003822
7550383
9777179
59634
19404965
8667414
410440
9223829
16542664
24276351
8522237
5851934
21365884
1410613
9691961
3689447
9777721
2571939
23221606
80230
16666816
5579001
632956
17869409
11688042
22993930
15913008
8976382
24888015
10525648
1889787
16046763
19174301
17503706
15127475
16317373
14561480
56227
4146290
11247100
415541
23122586
3545935
24012078
24917986
10499563
3159912
9203222
3470606
10546861
8229681
6152040
8627907
1576671
10575276
