134
10000
340
761
2080
1116
1739
390
241
380
1290
2353
2370
749
1071
1380
2078
301
1561
888
851
2033
1630
1296
1530
1154
1564
1824
2098
1283
609
2147
122
1395
1197
799
999
2002
996
2008
1047
111
599
2
1510
679
2032
1676
1702
1199
689
1195
1524
791
1309
1461
1847
999
2003
565
2021
169
2088
449
451
186
2180
1723
2418
393
794
533
1733
1720
2214
405
158
2479
1160
115
782
814
1737
186
23
994
967
358
1479
1492
317
939
54
1844
2079
818
2328
849
688
706
937
2499
1562
1046
974
357
1233
761
182
1188
537
1225
432
242
35
1762
503
145
1512
1687
295
177
877
198
21
1903
1042
2480
2410
1369
1507
484
1412
263
636
1699
