126
100000000
22282383
5411738
8983421
2249853
22617579
20029986
14905750
9658522
2155167
8833340
9523570
53379
10213944
10642041
15565326
5655727
21885007
8644288
15973737
17634972
2788973
13967222
5848999
23488866
823208
21737130
8815958
24225842
761486
6302593
1612799
8692410
13213358
8879373
20928540
7925481
6086020
20587476
23280274
20474833
11993353
1699024
12605688
7202356
6224172
24520332
10617800
8023183
6881847
17881044
12725029
5067599
18377214
7373577
1229212
5142095
18381950
4970484
20431694
22940911
14991884
10932893
6517610
1622
20502441
18787344
23875099
20766811
6560933
13697643
1560684
6402575
5768304
15873182
15827149
16240
5796298
3356640
11943828
18968953
2369911
23174435
10767292
17720899
11606811
15476665
21134577
5229897
16283397
8077742
24253094
22094958
10685512
13725087
5492018
2533405
13198666
21305825
19352933
24944736
11183733
6828541
16610819
16113894
670980
2665868
15769396
3924267
19770407
7255482
19551759
9553970
13804949
18586541
13915724
20636569
4340312
5553667
3029332
9540043
19521099
3544750
1901043
2707251
21562280
22232196
