126
10000000
1901824
637741
1119986
1772323
1464253
1025818
1155
1083168
2404303
1093116
221995
215062
421351
1668540
2426168
1438236
196220
1660967
1570547
991152
182471
1874055
479642
1065710
2295227
191561
1553809
1613915
385592
1856617
2243349
85669
1380849
2057359
2103052
1870683
1998270
814189
1939081
854845
99387
150895
1608195
361562
1098990
1451786
1105171
1359906
1387454
2288073
173697
357655
1064822
957919
557980
1494535
305114
1064402
925613
2189254
1178015
494302
491585
921075
1331352
67389
2359231
1761314
132546
2323354
419721
1135483
707872
367203
1819085
781914
877989
2309617
529712
1896245
2424211
465436
71729
991393
1517812
659880
883102
1108257
1756315
721168
1211817
1294544
224721
1383779
548759
2001016
630779
2239383
2224298
1153065
2165271
1003782
666121
1738022
501752
1622820
2340486
936332
869566
373167
1303337
2363825
1801118
1136544
2420038
2282281
915713
1005760
1298976
2296480
1433239
442442
914549
566452
1752337
270842
