128
10000000
1338864
2087756
2070351
422788
1021285
460069
581735
1774565
795347
2487527
75208
1225776
1424977
1328721
1065012
595474
157711
736497
2187710
383416
2171749
134349
594355
255315
460958
2175604
487009
182284
1404301
1822336
701148
1205392
106496
794894
1545470
2232300
418168
1566318
1319422
1814894
177143
1391589
1189111
2382658
726213
18383
797104
1217993
200026
1937389
1462656
2365723
91651
1884088
1382264
10597
637609
201328
2247283
1636369
2457089
2438303
700487
274957
1692898
1602246
1215721
328280
1568702
1488
1310318
1807027
652005
859351
1905563
145543
567457
1286192
1114415
1288530
1170282
769036
771710
1512325
1914348
2311581
514864
2492180
370932
2288164
2239251
1280214
554695
744707
2473330
806508
249540
2317628
2211223
2143526
1740122
68062
1782934
116468
1355571
569925
604777
1438478
2462002
2466956
2015957
22004
355830
2355559
348974
1221366
1518258
31294
1744603
365395
1507223
1684555
2366069
113042
2113250
430937
634008
643037
