129
10000000
1019771
2253268
1550280
1466433
1111361
1617410
57523
288785
2424204
1703078
913391
1109065
2264277
1035554
1706639
825982
406031
770483
1839969
2482543
907751
873412
1572598
2470106
1740683
604100
181816
820045
71115
1571475
1081938
2228769
25375
726093
1238468
442449
1636403
2218892
2165887
159171
1991096
582182
1348796
642304
2303230
713210
1531982
385366
1937229
223769
1922261
1693386
54557
925544
1481081
646732
607420
1845104
405905
142007
1394386
1128296
113551
386489
1739870
2221963
760100
609310
1467431
873310
1437925
2036748
939715
1556582
2000853
793479
1304056
2273848
1912199
153547
2030171
30279
1839236
696516
1558883
692252
2352924
133004
141670
548441
2295028
1393187
1653194
685071
1311266
1585465
2435874
374340
513022
673124
946357
1380586
1767771
1614641
1775399
1122891
251159
510078
48033
2487160
376652
467773
2264290
190825
1585
2026535
215193
1281491
2104171
960554
649323
1895930
668636
1099810
1338732
124990
1394263
942225
1080588
