120
1000000
209647
203616
35519
157925
202213
185508
75153
43687
117007
28256
48366
186746
221105
76431
132649
66627
8550
174149
117220
93788
193707
196473
3789
173381
79838
69441
120509
214595
155934
178983
77421
86721
51855
161105
242318
206549
169072
183614
205207
231610
27747
65530
125378
136839
189430
131446
163616
175959
141440
230158
89663
69945
18500
115829
67824
164453
242984
102911
73990
94295
164960
40975
171986
244125
212138
90802
121983
181305
136885
192152
104224
53802
13035
234958
171781
127784
52682
61530
208847
129079
109540
143978
230307
173514
80878
118925
214666
65123
189947
164414
107264
41620
43642
153064
6586
141585
144075
164745
159304
146566
1095
102033
19442
182
33605
157256
15524
83618
113904
139089
146120
11627
86544
90507
58254
158121
167516
217466
147807
121293
