131
1000000
236913
54515
74872
201988
159564
149576
98335
210824
115290
179934
100939
2250
127323
101805
25930
32365
98654
174897
223727
16342
123225
243279
38107
128393
147276
205735
15080
71649
19449
199609
240440
6266
185364
52062
94025
6
9473
37562
145197
147311
135672
201020
9149
119826
204533
97821
50132
193336
98885
249594
139193
24005
120863
142691
62000
67308
36033
215410
133746
37563
40097
37703
137219
37627
173243
108299
66704
246176
238155
150838
68050
68243
20158
8637
224479
151186
207812
24791
178331
11901
93988
35284
65017
3363
203423
191733
18103
59061
155324
134487
52169
61220
182741
124881
131530
218637
13262
134299
196840
222158
6145
60259
206181
60720
55312
123861
25893
120483
71136
77309
134956
5774
178490
168346
229742
216521
165938
239982
181907
44059
155026
152978
105740
61546
197828
41996
68974
63115
164220
45424
238639
