122
1000000
227055
192636
63011
126657
128687
189329
63926
39454
149793
110826
148487
216195
206119
225178
116693
14354
133651
150224
158299
57752
42456
104364
211928
243161
70939
121998
199227
62369
211701
1972
20173
71405
147453
96444
248575
81871
39179
182671
121180
227195
90478
111675
218954
181834
90007
181039
213591
92357
247561
98049
105629
140102
155575
215921
150395
72447
59732
176815
139948
49124
85827
225760
34642
167868
119276
87374
69985
234410
20354
61822
14940
197651
133864
213852
79471
1769
36798
3182
155358
73314
131271
36
153848
235317
159457
165812
144025
102288
117317
86923
246869
103358
96874
171477
128449
222896
56918
225371
44530
82946
64145
91921
50791
112179
163843
52475
91437
54892
22540
90789
77087
239345
79569
148742
49377
189890
65224
8319
26426
155025
249283
207382
