139
1000000
92404
179503
151173
190795
22196
94809
136863
102239
999
155604
121699
166773
38599
105287
135045
38245
212582
27806
4030
182667
106591
30680
53343
32240
105622
27517
99819
34327
161958
6353
50200
54671
216829
26679
169138
243088
83995
78967
230674
181636
80629
97790
171685
110745
131046
156845
152871
9453
98409
38628
56862
155526
46282
5063
67670
42783
36265
92673
56423
66142
53992
218342
135727
213921
183796
5940
193499
208191
57155
106903
44240
202314
87760
68071
31330
30016
100626
91081
161030
203097
40732
32793
70108
247495
90147
209930
177107
122967
215947
48630
64246
111564
22809
4280
147813
184987
70151
143343
187165
70945
158069
87467
103692
149746
227053
79296
113066
29092
58863
134016
105173
21835
160127
82723
3678
209307
48203
171436
236006
229261
124960
79687
41730
139652
172553
122559
133968
225445
64236
162948
31625
96276
218026
72947
223235
100
59131
37036
98152
