135
10000
1566
597
731
2262
1151
8
605
430
2427
1071
2412
20
426
1726
2211
1228
1542
162
553
920
79
577
2
174
1072
57
483
119
1985
2092
204
1780
1184
2388
872
1895
1414
1671
1330
940
1222
642
1461
1739
1131
219
1764
2061
1622
358
412
289
318
365
2255
464
1086
2400
605
467
694
1529
2354
668
1196
1245
1694
60
83
1226
878
1202
1800
1423
2241
1537
2416
1931
2221
1383
1829
1590
1097
1351
151
419
1139
684
2137
358
109
1992
2063
386
1629
1091
490
2392
1223
1847
267
1430
913
14
1675
2423
928
88
366
1151
1906
1688
639
1016
579
428
1843
342
480
250
778
802
1397
1517
1362
1704
1160
127
88
1807
1632
463
2227
392
1114
