123
10000
2484
171
374
12
316
1497
2338
105
25
1511
1335
834
632
2303
453
1271
413
2106
1071
1845
450
526
1195
764
127
1001
92
2099
1297
36
1956
2
1804
12
1951
1897
796
588
2478
2118
965
1298
249
2116
1829
378
1001
1567
1190
2
1760
1231
1774
10
2356
1705
1742
2345
1619
607
342
2063
1646
2198
1475
2244
842
1021
2125
1697
515
691
738
1995
1116
274
114
1446
1155
1781
1014
830
2088
184
1966
2439
710
2495
1979
62
2430
1580
770
1368
748
1816
1391
2322
1502
2113
1586
1950
710
437
2000
373
158
1717
1511
117
697
753
911
683
2279
1362
729
2145
698
1813
1956
2100
1
