130
100000
14199
11219
4637
4927
6332
16411
18033
1794
20574
22159
10518
2171
24387
23820
6457
14648
7
21078
5017
617
8209
5780
15704
21938
2325
10595
19133
6262
16456
8553
20830
4803
1626
22400
23552
1871
15174
19034
12636
13644
15322
1082
1452
8370
12298
22037
16006
1942
14739
4260
21909
9946
8114
12806
5499
11323
5636
111
24580
14517
19363
16433
20318
22892
5967
2051
448
7156
13048
13204
2548
11460
3901
1107
21865
10931
21612
10990
20684
2581
21931
15295
3402
10649
10062
13053
5454
14883
21089
9518
11785
11351
4655
5727
12922
627
8138
1455
21218
18999
8721
2323
7249
15195
7832
13816
8851
12400
4044
18423
22148
9259
19422
20243
13219
127
19694
14853
1392
18054
20141
21273
10555
12895
20464
3431
1121
12897
6230
11477
