131
100000000
14091693
22563441
10305636
16116145
1880692
10958629
8391961
10149073
3302820
18307380
14951149
11667720
1216733
10196753
22416531
19369234
20478521
12853131
7919392
10407104
9799748
4348595
5058183
8613428
12953178
20221201
4674272
1726862
17671579
2073176
4969692
11434503
3906294
6566075
23372121
677691
5321154
9097805
15289674
463848
2493398
9755629
15227722
2853291
3937961
8243809
24364579
18473362
17128465
3069286
9118265
14041697
12878543
14150897
5272696
13099545
5701428
6221842
4716280
5482738
17033988
20278700
20501346
1922946
8013332
18680398
3099823
21931955
734105
7501178
6849869
12782194
6674113
21802511
2453500
8090152
16879715
8966497
14321004
7406993
16507006
18952138
24253020
23793781
20496544
22361173
6008927
23538138
6890897
4621882
5387248
15229679
11726090
21779142
24661521
11389261
8957911
12184190
10352743
16893494
4048115
10473996
23544604
11821492
23749620
10473031
17414
1457690
4691694
598569
13703804
14047527
23897896
18986709
7620814
8801541
6525469
3687951
7721332
24098125
3582931
8775457
5608543
22988027
6779677
7308972
17171529
24628829
6813046
21015378
11436864
