132
1000000
213206
19226
169574
206118
205029
222608
121644
40910
67501
117781
61428
74676
71225
124805
139577
47103
16301
78441
14187
106116
249689
227007
96390
36567
60958
231004
97057
202387
57790
235359
124174
47108
95929
47640
92950
134274
223125
71635
207428
233059
120441
195707
45373
14249
173435
197086
37681
94714
217228
188051
65321
100309
54294
38637
37964
220719
223462
215694
95258
225457
29258
178589
186834
75372
88670
68739
89126
119530
205013
247067
128359
75328
18413
80656
202359
10570
6381
157006
95486
140851
66139
109256
117193
207384
20163
74024
144873
72955
186551
265
167515
15407
182133
3943
55808
38
167323
164218
13868
146484
182205
54391
19293
1881
219655
156010
167114
31329
69335
8896
8313
129429
246389
52194
158472
230170
12171
30645
40057
89082
246652
140022
114259
189792
247425
90633
5034
224608
118680
16076
127663
2912
