124
10000
212
773
172
764
1811
2104
385
284
197
1153
1237
785
1442
1117
2286
1296
819
572
1906
1649
38
2258
59
1845
953
641
1415
2434
1183
1548
2391
1953
386
1072
2356
285
1910
466
101
2449
1229
1262
1783
1569
42
586
244
846
843
2444
802
1425
2409
2484
398
1601
2020
2154
178
1508
892
1262
754
1942
318
908
943
2428
572
1631
641
1614
1351
1387
2162
2121
1494
1088
1156
1
613
1894
559
322
6
2007
884
1970
1375
1220
1120
1928
186
1715
309
2494
1232
369
2307
1323
278
68
430
1086
2344
1481
1859
89
1895
1963
1623
1145
732
327
760
2208
1648
1433
2034
2497
79
670
1915
404
