133
100000
3364
24910
7304
18612
10610
2014
8262
16735
14531
2651
12739
14588
20525
3257
5051
3923
9687
4619
7349
23224
5102
14917
16236
16521
11591
492
12064
15085
8794
9897
7319
23291
21941
7319
4584
16158
15524
13594
7965
297
15559
2690
14753
17821
24089
23976
5179
20715
20788
19623
1851
7578
2689
7589
19661
24675
18123
20949
16126
14945
425
17232
872
24600
2714
5224
10248
5825
17665
20744
18947
21387
4440
18659
23217
8597
17352
5
13074
15912
3386
11640
3680
18447
191
220
3803
11650
7472
10816
22249
8538
17849
11847
3479
15106
17993
7195
4907
15996
2727
892
5751
6997
3847
3668
9521
6709
6909
6376
19250
20670
20861
16986
22383
5050
22328
3227
1800
11339
9776
12123
4595
4669
16911
17792
7751
7077
5486
3981
3826
16650
6444
