127
10000000
1619467
1322145
302584
1662387
1860728
509754
998716
1141848
1350094
2494181
2103756
1203022
529
2246895
1588093
1124471
2279746
2116266
675512
676724
1297729
591800
1639530
1470733
981749
678916
823369
2155811
567693
2349708
757950
2217732
2037121
1328535
882116
958884
237409
1193530
1056212
412823
583391
1003360
591771
1207631
2255924
1957770
892583
1446657
304464
579957
2478625
202474
740655
719728
703855
539137
473731
843427
1814150
2160361
1106682
1371547
1474087
1598343
1448368
2185528
754764
1477504
464755
880557
2011852
215578
2463407
1239237
1057708
1147409
1801969
2400167
315453
60606
907923
1986852
742923
962163
1279578
1682678
1886836
257265
851519
1675125
852508
1534724
610485
1465310
28696
376099
680304
464796
2434410
339924
1233768
2333618
1738398
877668
519628
880669
929595
2177328
961789
203104
1090161
1378801
135344
1108661
1086700
1071070
1988807
1750387
124780
795938
2231129
1303841
1016147
1034700
784308
1268019
1064084
