131
100000000
13746640
15061531
10211687
7043983
7607768
4538695
134056
23900413
16144153
6001331
23940236
20078820
7778428
1181708
9771550
2943691
13811013
8834545
10401116
7626766
21748782
21207973
7638574
337412
6842238
1040000
13851858
24971446
6132873
19432484
23077302
7635824
6772718
21811461
23478250
1166707
16586474
7037014
15898546
1742070
14770449
1345254
14535110
8583885
21901609
8048330
2029371
8174976
4949342
11282658
16335612
6852870
17389662
15313964
3070444
7462777
21092822
11398939
24083200
20869575
19931707
24736881
22492197
4065942
5431022
8047440
7798780
9416858
22530544
2623617
17842154
19240712
893783
19345880
9682875
2808807
3966288
17037351
2959485
13257413
12702008
16329235
5649
21929798
20126783
7614162
13211698
14214464
1881741
15204983
16065941
4354129
7060974
23969450
2616924
10289692
14138437
4271447
17787216
6498533
193368
17197285
12914
17327816
13616413
14365361
7184971
17243279
3596287
10220217
2753682
20852828
15063350
10951247
13492556
9766763
24709277
6964481
22063659
4175160
9198142
4933272
9204577
24005320
17690407
2587456
3316448
17677603
3637963
11551560
1404353
