136
100000
2004
24886
11961
6665
3273
14555
567
2633
948
22670
20812
16166
17327
13145
10846
20333
11526
16292
11242
15602
3938
6069
11640
19
20098
13287
9342
19796
440
18077
21218
9114
8546
635
6479
21351
2202
2735
20629
19907
13160
7338
287
24606
11710
8473
21429
19071
18091
18234
1027
16765
2551
8994
11701
10133
935
13828
8488
13493
19273
2599
6245
11542
7082
24967
1164
673
1143
18550
1705
21347
1178
19609
13223
9981
10629
10555
13057
20283
11303
2016
7050
23311
2828
3794
454
12665
14559
22471
1662
6093
1263
17870
7080
14117
4059
2246
21032
2677
4793
106
17698
20387
4062
2769
24950
6194
8770
20371
10654
13916
9429
13791
22798
23727
19857
5128
6288
4428
18572
15381
1230
6505
13283
4719
9493
23252
9189
2565
18390
24728
5958
16118
4569
3288
