128
10000000
1393065
587004
1021378
1439983
876949
216
242252
82490
1208204
1273406
1386250
251056
809570
2404012
717286
2485092
2499525
470776
720508
211701
2066756
850667
398341
1332222
2183356
1829447
2318974
769590
51175
1180626
33823
272261
46814
351548
1078607
2152920
29035
908979
1480865
2001314
1727300
1089541
112879
641543
637101
416761
2066158
1664575
764493
515453
246175
633412
656090
563910
1255624
1196858
704055
2020039
827780
1665520
1269446
1793570
1063517
1538797
2373162
2151100
2028100
739098
792176
2377961
637624
2020133
2132659
1084359
2078949
482772
1783951
1272421
1377310
947548
779147
436362
1998862
1117290
956609
879229
367728
354747
1180652
1995281
3223
2217458
1802551
2397561
1376797
1526442
1492572
2406225
1855544
1293727
2154525
1406974
1990542
923851
129980
950734
2185548
1470195
119750
59939
1086750
2235
264976
801289
578048
1698030
543931
1412860
2176541
1168780
1305275
960447
1935736
1432521
2068054
1423352
2312444
230723
