136
100000000
1309453
2232924
12381734
2874506
5407616
4577239
19429727
3606129
18832926
4174554
4234635
11388849
18447597
4878373
12132367
8447193
14744118
8526941
23696208
7054779
3737147
10402658
4385987
15003938
17705829
12153371
11220297
18419006
24982703
11348221
11865123
4515855
10217742
6552740
364647
14609460
17096292
17177531
4857775
4540212
3979791
9277775
24793661
20770638
12118922
6642229
12892242
7285733
5794392
21183849
2991518
1794851
1209948
21470458
18001
22785773
1023636
11815469
18643584
5702113
20533173
18737911
4895304
4013614
23492722
14297954
2536913
7718421
18316383
21504274
3555948
21881198
23783060
18989981
6798521
14253894
2221094
10474471
6366233
14806065
7163789
1482804
1626319
22961761
21968404
3746233
9826396
17988335
1780117
9865659
7966561
24734978
542851
7585064
10588455
10153720
4604815
23753122
8202618
6054068
11146376
19276858
18225398
5340935
5068707
3641886
4646279
18310445
20757589
21073098
11936189
19622873
4938721
12390146
12373819
18716092
5529516
11061340
12288141
13378061
3055492
17465302
17815273
11519249
9561240
9168382
11495713
8775765
15078523
12471517
6899083
15278943
11691109
2759852
399536
13340364
