127
10000000
1689655
2428961
592343
1791642
807864
747206
1831953
141273
379447
378893
1572172
192315
1033496
385007
100676
494844
2111600
2101517
2479981
1657167
1449042
1568776
1762360
2117569
1382546
2133234
413095
1446134
579519
22894
1259504
387024
40084
169300
1035718
168160
221987
983018
373590
1929689
812455
2347027
235
245320
134482
2309625
1294588
1433375
488759
135687
1502520
737645
1505063
1995847
960161
2082457
1119120
1541214
2483737
345428
1479158
258947
540787
349832
1976509
1679813
411234
2005268
1637516
892422
229711
261189
528864
2428798
230946
2095522
681300
372149
689273
1502470
1423936
1037164
1412818
2070989
2448780
24580
1722125
1603850
1537522
1524265
2495217
176316
2149645
1260962
2334520
2276244
2411167
484336
21213
826116
891006
2319301
2139593
2362424
2212473
2461839
1160823
1411339
1441300
89989
1245479
1386303
1203328
653660
2099264
1524088
991613
1047414
476032
606137
233408
806289
2045558
398212
683189
365942
2414524
