126
1000
223
55
90
23
227
201
150
97
22
89
96
1
97
107
152
57
219
87
160
177
28
140
54
235
9
218
85
243
8
64
17
83
133
89
210
80
61
206
233
205
120
17
127
66
63
246
107
81
69
179
128
51
184
74
7
52
184
50
205
230
150
110
66
1
206
188
239
208
66
137
16
65
58
159
159
1
58
34
120
190
24
232
108
178
117
155
212
53
163
81
243
221
104
138
55
26
132
214
191
250
112
64
167
157
7
27
156
40
198
71
196
91
139
186
140
207
44
56
31
96
193
36
20
28
216
223
