129
10000000
339218
1805312
391652
906058
297799
1509623
829883
1191272
1944874
2489616
1456228
1543923
2459341
224971
1670400
2164853
1673249
1036309
947231
1507954
92909
1699531
333083
2365335
336204
1421939
1593789
107117
214285
594112
2460839
1898760
1863697
1392130
1190078
2215757
1730787
160572
53033
1121949
451442
1027917
781136
1262656
1833519
79183
23353
1827804
573497
1311449
1427471
956364
2282045
587
453248
1310662
1256174
414800
1905900
774063
13168
736470
83739
613298
1199952
2386009
2282738
374111
914854
618014
2333437
2487109
2042325
2372604
2086298
206142
216839
1221898
1501688
2488041
1326144
259402
939553
577364
2183975
493311
652971
962517
1669807
1824276
1897367
1498159
185436
342298
2322401
690608
2447893
2015722
1982565
1634148
531181
1071995
474138
93803
1804968
2457543
1082319
180430
118535
995528
1371557
1256299
146572
1540928
2324222
1363894
2117567
101968
2479032
265342
948618
2113570
874578
230856
614892
198796
348982
89295
1528999
