122
100000000
22705402
19263534
6301032
12666193
12868689
18932823
6392560
3945329
14979295
11082578
14848977
21619486
20611804
22517786
11669241
1435400
13365088
15022395
15829803
5775101
4245568
10436347
21192773
24316054
7093892
12199711
19922651
6236849
21170078
197181
2017223
7140466
14745257
9644374
24857497
8187084
3917826
18267410
12117950
22719486
9047721
11167499
21895386
18183359
9000622
18103848
21359032
9235624
24756046
9804886
10562816
14010126
15557450
21592047
15039490
7244665
5973167
17681418
13994939
4912342
8583037
22575935
3464184
16786790
11927578
8737368
6998496
23440980
2035303
6182182
1493913
19765029
13386328
21385133
7947532
177151
3679788
318193
15535768
7331384
13127518
3522
15384719
23531634
15945652
16581555
14402402
10229170
11731693
8692268
24686811
10336049
9687356
17147629
12844824
22289509
5691703
22537043
4453426
8294539
6414420
9192005
5079007
11217849
16384201
5247467
9143646
5489123
2253948
9079361
7708648
23934406
7956862
14874190
4937696
18988951
6522794
831867
2642937
15502429
24928241
20738182
