128
1000000
102215
6166
131054
90279
146056
26280
209838
38782
179326
27005
249823
135010
216891
106207
140208
195291
126570
144253
64986
165608
26399
26227
241142
82001
238828
76297
79235
189462
20870
185006
86926
119059
55
133070
96040
113529
239242
231988
78550
151431
158154
225399
231103
79471
16029
43653
141526
71381
88585
102590
184515
36746
39714
95993
204878
137800
162737
161535
96
58506
94303
239406
66093
117609
194380
154404
106638
162966
110113
154906
133662
68818
10271
180406
114204
140580
36242
87663
111478
153427
49137
111338
106382
183578
116567
47011
173509
150996
49937
154909
166585
5198
17004
199988
47990
196842
2443
207153
211907
10508
74577
86366
69734
214964
112851
136028
18352
140403
136297
113275
118465
147848
19059
215050
182251
140762
18751
90698
89585
75093
41530
2772
37603
237526
113705
241914
205742
114632
