138
1000
48
60
19
217
81
47
190
24
28
165
113
143
47
46
245
21
104
225
40
66
35
246
129
159
78
86
124
57
169
46
139
128
61
92
82
33
4
140
180
97
238
160
227
93
109
1
54
49
161
5
30
34
191
29
158
106
111
77
176
87
194
116
170
154
235
64
68
221
8
228
99
248
212
250
117
249
148
4
116
49
38
136
16
87
125
154
65
166
95
20
163
67
54
27
76
135
64
175
166
98
183
212
130
162
34
43
128
96
133
43
2
85
77
203
39
48
120
10
221
128
55
25
158
190
21
1
171
35
160
11
228
227
150
121
12
98
160
93
