122
10000
2222
1386
1670
1261
161
2351
2265
680
626
1027
2287
1205
1054
419
932
1809
724
842
693
598
1853
2014
1857
436
200
2039
337
131
504
1737
1093
1507
837
1007
2053
1229
948
1772
439
923
515
508
1902
1630
2365
757
1067
2482
746
366
1541
495
1742
1374
2
1067
2400
1663
1494
397
1802
1522
1702
804
1489
2287
976
881
6
398
635
737
1835
953
531
1396
703
1176
939
1886
1062
99
1281
1849
1204
1465
1557
947
2219
1582
1834
88
2391
935
1565
642
2366
1235
491
2456
2235
1700
1466
1461
1144
2488
858
647
452
408
881
946
910
1860
2361
590
1960
1193
29
916
1871
2057
