126
1000
191
64
112
178
147
103
1
109
241
110
23
18
38
161
243
144
20
167
158
97
19
188
42
107
230
16
156
162
39
183
222
5
139
206
211
188
200
82
194
86
10
16
161
37
110
146
111
136
139
229
18
36
107
91
56
150
27
107
93
219
118
50
50
93
134
7
236
177
14
233
42
114
71
37
182
79
88
231
53
190
243
47
8
100
152
62
89
111
176
73
122
130
23
139
55
201
64
224
223
116
217
96
67
174
51
163
235
94
87
38
131
237
181
110
243
229
92
101
130
230
144
45
92
57
176
24
