127
1000
1
69
217
111
202
27
122
102
199
69
126
63
124
54
109
164
53
166
158
47
136
249
74
237
170
3
240
104
248
186
29
34
103
204
106
42
29
28
170
239
115
242
183
67
40
31
110
46
142
228
166
131
81
69
52
106
216
49
7
226
4
221
237
91
204
135
32
185
43
226
105
6
222
147
155
103
117
165
188
75
222
190
21
147
98
16
143
46
175
240
111
3
22
201
229
208
42
76
108
83
166
82
243
167
133
16
36
29
146
8
115
52
112
49
12
82
40
55
250
63
78
149
143
246
88
88
189
