123
100000
24836
1705
3734
120
3154
14969
23377
1050
242
15101
13349
8334
6320
23025
4523
12739
4123
21052
10706
18448
4527
5255
11978
7635
1266
10008
920
20988
12963
387
19555
17
18036
113
19501
18964
7959
5880
24777
21180
9647
12975
2512
21151
18288
3780
10008
15670
11895
11
17598
12305
17732
95
23553
17045
17440
23441
16189
6105
3449
20629
16460
21975
14743
22431
8418
10207
21246
16969
5144
6907
7379
19944
11159
2793
1182
14459
11548
17805
10174
8293
20874
1877
19652
24385
7094
24941
19785
649
24296
15800
7698
13672
7473
18152
13942
23219
15014
21126
15858
19492
7092
4363
19992
3722
1577
17170
15110
1163
6965
7525
9107
6827
22781
13611
7287
21444
6971
18128
19556
21000
40
