123
100000000
24835971
1704494
3733626
119268
3153342
14968541
23376083
1049021
241284
15100765
13348602
8333632
6319823
23024155
4522957
12741866
4122959
21051295
10705002
18447658
4532123
5254950
11982024
7634746
1265911
10007411
919224
20987860
12962675
390649
19554358
16958
18035598
112454
19500126
18963832
7958726
5879764
24776029
21179553
9646943
12974989
2516261
21150552
18287438
3779573
10007643
15669636
11894909
10175
17597409
12304079
17731767
94651
23552701
17044474
17441616
23440346
16188892
6108459
3451172
20628012
16459361
21974148
14742824
22430139
8417080
10206341
21245172
16968988
5143878
6906450
7378893
19943744
11158002
2796178
1185859
14458522
11547773
17804527
10177713
8292580
20873798
1880517
19651497
24384793
7093525
24940272
19784794
652382
24295243
15799164
7697780
13671612
7472598
18151255
13945737
23218381
15013001
21125134
15857452
19491648
7091869
4362586
19991892
3721272
1576970
17169691
15109179
1162491
6964593
7524132
9106764
6826016
22780447
13610252
7286919
21443212
6970533
18127446
19555441
20999125
43403
