122
10000000
2221345
1385687
1669539
1260134
164185
2350275
2267351
679469
625720
1028905
2286435
1204401
1053804
418186
931896
1812651
723332
841917
692595
597119
1852423
2013505
1856013
435525
203177
2038136
336387
130813
503268
1736734
1092029
1506589
836736
1006638
2052952
1228590
947885
1771803
444612
922478
514014
507450
1901236
1629044
2364231
756141
1066298
2481824
750508
369893
1540875
494536
1741741
1373221
1448
1066414
2399708
1662637
1499524
400375
1801534
1521095
1701220
803833
1488271
2286985
975009
880139
5716
402214
634289
736111
1834491
953753
530937
1395841
702194
1175149
938196
1885860
1061939
98012
1280936
1848004
1203254
1464022
1556227
946889
2218823
1581292
1833213
87655
2390403
934141
1564714
641053
2365814
1234943
490626
2455635
2234906
1702620
1465533
1460679
1143579
2487842
857766
646201
451344
411719
880377
945060
909354
1859031
2360823
589973
1959882
1192175
28791
921734
1870830
2056992
