128
1000000
21256
165894
49123
186613
61325
176116
114303
225824
18438
65965
134866
160263
67148
111247
207317
24499
74991
93727
128679
87552
162370
155613
158046
191408
117679
243685
18376
121233
171908
28735
162681
196
202846
180310
223980
175973
103554
244189
76344
117323
79872
182600
216254
54951
177046
102326
232411
83896
190604
135300
212003
40868
27840
97975
116328
195433
67750
81843
205856
41371
162935
29765
133467
23937
18323
24759
107895
50991
95437
192455
171056
206179
208193
14109
113073
236447
166053
85392
99418
117750
194107
135694
149984
25935
231625
24134
107332
100593
173220
211383
169318
122672
63758
140134
146693
160286
134135
187150
154173
36607
149540
197433
10682
2100
86541
193295
157300
68788
60144
10913
93000
66511
17388
37857
8021
38445
5114
17678
20416
37766
232932
56443
245490
69181
114597
214306
52020
235410
