124
10000000
1191253
744440
1055989
404342
1827992
553844
978714
1290180
1648996
235970
2446118
583402
2107497
710181
993917
479445
2068601
359696
701342
1615656
978896
655780
1855462
868075
949824
2361818
2247857
2115789
975132
470592
1568434
1287778
385173
1389652
1371557
1554086
2288365
843541
52004
637611
509006
2183440
78882
534113
1261208
1382719
370569
954834
724592
1174919
1520392
2117961
2391587
2229658
287799
1794101
1488359
633872
663066
1724444
1961455
1198352
1546
2287117
1960451
399067
1834467
376173
1155219
1891071
985143
493013
1825512
969922
2413681
419747
690162
1322887
1852024
219722
1728051
2018425
779837
1874242
1575782
2143272
2033698
729884
1732052
221530
63541
1791312
2154388
1834826
2030311
741661
1744933
1183751
478945
1168986
2125111
907736
759385
1478809
768870
1731160
225430
2065443
2040437
57165
2259662
920653
60396
662833
929075
498562
592422
1661041
2081359
1528117
1718711
84734
1117536
558673
