120
10000000
971272
580054
742399
1410072
298649
2135229
785743
1290708
1462907
76032
2369891
1499633
2090237
925766
1826296
169703
1530393
2329711
797307
427533
1354395
77375
263423
2071574
812069
1867260
229273
181281
50205
844206
938497
1075853
1458747
2089508
162088
1466998
1775895
432902
977642
2463830
196634
835189
1054405
1399385
1364458
1090421
488719
879312
1879
348973
2300169
1569070
977000
1794107
437509
359542
2065865
1931684
2128047
1345278
2020157
2136146
1743660
1276215
531138
1693884
2461729
2221471
450393
199779
1784420
1391484
1085495
364137
653810
1452955
535575
1786583
427530
1223596
1598880
87691
512557
1430970
1017240
2116743
1567906
477225
2194708
1764172
1930078
1538517
1060364
1697454
2339846
2349092
186403
1592333
2463420
1789333
2325451
2139375
1042138
1659653
804759
1276996
2238738
966771
2194116
1888751
709945
734703
330793
685689
1847565
767962
1308249
2197155
805401
2040499
