128
10000000
1095248
363474
312833
607870
1692011
448426
1431369
814871
2433390
1428861
1843713
2263111
921141
1766217
255988
1736568
1241199
265769
1319583
1175693
268467
361832
1812503
898878
2155666
812477
2376016
523024
239969
1061897
193352
1225385
1553310
2275432
673253
16735
1104023
975844
731570
1477228
1258999
278397
258598
2018135
820577
29231
2258632
1727094
1421391
522636
1297162
325667
2441817
1934920
2313517
1263570
1785568
726337
2118132
1816798
1397962
1588363
31784
2363170
2297599
2378410
2487944
627
2150104
2279227
1291561
1155591
466462
2020122
2122534
87989
2166545
1782991
611086
776571
899927
829822
718542
1417556
1303358
2154303
1191951
996240
1692459
1269417
2363413
1809178
1967052
236649
512839
643462
1085778
605396
1959771
281402
615855
2379792
1386551
121379
1616364
779949
530778
1545382
264533
731372
5905
2345147
2289087
56568
69687
532960
2005747
144301
581220
178525
1521955
76425
476990
468653
1776931
2412913
434181
484319
