132
1000
38
24
69
152
175
147
29
213
68
186
1
64
115
35
100
43
45
100
25
170
95
64
5
207
91
217
149
154
102
181
24
240
33
49
66
118
124
48
9
185
120
194
218
250
106
204
220
134
224
107
249
96
10
155
53
11
210
92
97
221
3
214
236
230
144
8
94
113
16
247
4
86
123
109
195
146
212
174
41
2
247
109
131
177
130
154
19
45
228
73
169
208
48
202
177
11
139
153
100
142
112
117
188
93
104
100
102
221
102
32
15
178
86
18
19
57
71
164
29
16
83
87
131
77
14
239
117
137
74
14
185
28
