128
100000
10953
3635
3129
6074
16921
4485
14314
8149
24334
14289
18438
22632
9212
17663
2560
17362
12412
2658
13196
11754
2685
3619
18126
8989
21557
8121
23761
5231
2400
10619
1934
12254
15534
22755
6733
168
11041
9759
7316
14773
12590
2784
2582
20182
8206
293
22587
17271
14214
5227
12972
3257
24419
19350
23136
12636
17856
7261
21182
18168
13980
15881
318
23632
22976
23785
24880
7
21502
22793
12916
11556
4665
20202
21223
877
21666
17830
6111
7766
9000
8294
7186
14172
13034
21544
11920
9963
16925
12695
23635
18092
19671
2367
5129
6435
10858
6054
19598
2815
6159
23798
13866
1214
16164
7800
5308
15454
2643
7314
53
23452
22891
566
692
5330
20058
1444
5813
1786
15220
765
4770
4683
17770
24130
4342
4844
