129
10000
1020
2254
1551
1467
1112
1618
58
289
2425
1704
914
1110
2265
1036
1707
826
407
771
1840
2483
908
874
1570
2471
1741
605
182
821
66
1572
1082
2229
26
727
1239
443
1637
2219
2166
160
1992
583
1349
636
2304
714
1532
386
1935
224
1923
1694
55
926
1482
647
608
1846
406
143
1395
1129
110
387
1740
2222
761
610
1468
874
1438
2037
934
1557
2001
792
1305
2274
1913
150
2031
31
1840
691
1559
693
2353
134
142
549
2296
1394
1654
686
1312
1586
2436
375
514
674
947
1376
1768
1615
1776
1123
252
511
49
2488
377
465
2265
185
2
2027
216
1277
2105
961
650
1896
669
1094
1339
121
1395
943
1081
