129
100000
10198
22533
15503
14665
11114
16175
576
2888
24243
17031
9134
11091
22643
10356
17067
8260
4061
7705
18400
24826
9078
8735
15725
24702
17407
6041
1819
8201
707
15715
10820
22288
254
7261
12385
4425
16365
22189
21659
1592
19911
5822
13488
6418
23033
7133
15320
3854
19370
2238
19223
16934
546
9256
14811
6468
6075
18452
4060
1421
13944
11283
1132
3865
17399
22220
7601
6094
14675
8734
14380
20368
9393
15566
20009
7933
13041
22739
19122
1532
20302
303
18393
6960
15589
6923
23530
1331
1417
5485
22951
13932
16532
6851
13113
15855
24359
3744
5131
6732
9464
13803
17678
16147
17754
11229
2512
5101
481
24872
3767
4676
22643
1906
16
20266
2152
12811
21042
9606
6494
18960
6687
10994
13388
1246
13943
9423
10806
