128
100000
10222
617
13101
9024
14601
2625
20984
3875
17933
2701
24983
13501
21687
10621
14021
19530
12657
14426
6499
16558
2640
2623
24115
8201
23883
7630
7924
18947
2087
18501
8693
11904
2
13307
9604
11353
23925
23199
7855
15144
15816
22540
23111
7948
1603
4366
14148
7139
8859
10259
18452
3675
3972
9600
20488
13780
16274
16154
10
5851
9431
23941
6610
11761
19438
15441
10664
16297
11012
15491
13367
6882
1028
18041
11421
14056
3625
8767
11148
15343
4914
11134
10639
18358
11654
4702
17351
15100
4994
15491
16659
520
1701
19999
4799
19685
245
20716
21191
1051
7458
8637
6969
21497
11286
13603
1836
14041
13630
11328
11847
14785
1903
21505
18226
14077
1876
9070
8959
7510
4148
278
3761
23753
11371
24192
20575
11464
