135
100000000
14572295
15984709
23869542
11104549
20441341
11541084
1335088
13612103
23664555
9149880
2371785
19732090
1957644
8415223
15166961
14655880
2966106
3746522
11842393
3405159
4808089
5058893
331824
6657139
2809675
7732688
22755701
16255273
7787069
9318192
19670930
2518332
9553776
20497433
5501303
12045443
19741251
11522156
5174312
7874695
2550317
19425304
21786301
7785172
322219
11394872
13775862
10962396
10726717
9893332
12645206
9327978
13846139
6876287
14619763
19987288
1119797
1605854
21041637
19023485
22997311
11391998
22726303
20993242
598977
18383976
16996364
9682929
20301994
383149
14641565
1169049
3602844
9539491
12585395
20163306
10526585
7615290
9637887
24801234
1902685
16301530
8952142
15804823
16171478
14569889
6151963
12224921
3881215
13732834
24438798
2704597
21511168
15603638
17598891
24214300
15302860
20424693
17221321
2286969
5209208
10160899
6514244
19899244
2731415
10839330
14791619
4473466
10397137
9636891
1335698
13501
20303433
1849358
14242486
9099275
7017727
1142078
21589192
3419181
13814255
6958331
13719739
5393118
3010210
2865028
5002954
22203492
21361602
9878206
2261166
804240
23190421
2109782
7157461
