134
100000000
3801403
15706618
8849439
18217808
8998634
11947379
20025155
12967516
7130380
6508480
14758258
4517800
15180001
2374238
5002649
3699197
14941915
933892
10296365
22120423
13215955
6428466
2804745
3759791
10653352
8400058
5373185
11684662
16302065
9270253
9855158
17807402
4082519
14174005
13210109
19670835
3946371
16862065
7713559
2096970
13798826
11222404
10705913
862092
5954445
20239229
4508680
12919359
5270672
24969810
71062
6716785
17817148
14002577
24631531
13438082
23465735
18354466
15397466
16770949
12157696
13999032
9111764
5141615
1192442
17587524
8499815
7712612
2157932
4457502
7372283
20907403
9476972
19324409
16072348
23104643
16632
14505986
2177552
17039755
671638
14477093
1344676
2625672
19723653
881150
19462002
8366635
15288271
24582402
10624708
22111152
511248
23249975
15801361
16500497
1654952
10283977
612911
7067216
2945000
12779764
16401424
3827801
18758682
6116363
10326290
196742
9542248
24700456
13605975
7112118
15030014
20539117
21614489
22580652
24771516
22299204
9177036
7519609
5661310
3490678
9431765
9810461
14577795
19356957
15121884
9392014
1626095
6374153
24957632
1575367
9403807
5112170
