132
100000
6948
18536
20263
4800
8969
6257
18114
13450
467
18423
22144
3203
11184
335
15363
15599
11251
1068
22569
3578
19186
14628
3571
944
23668
5440
24133
10660
20952
12222
13
14632
4733
18003
18087
585
23840
6067
10660
22081
10712
7270
10616
7328
21905
22521
832
19925
8841
11336
8850
12108
897
12870
7237
10453
20509
5908
14434
22596
15403
13699
8397
21903
11625
9330
5135
13604
636
23259
2428
3428
22445
272
4545
9687
17363
16423
1070
1132
5568
16412
5629
17999
13466
5120
18339
20782
16562
20585
1392
23837
180
5370
22212
14196
22269
9542
21238
10539
10461
175
8899
9540
1002
1529
21716
19517
17430
2960
10325
11875
20173
5288
2732
12318
10368
12335
8064
6514
14851
14371
8684
3868
22264
2437
15532
15115
2887
8858
10728
389
