128
10000
1394
588
1022
1440
877
1
243
83
1209
1274
1387
252
807
2405
718
2486
2500
465
721
212
2067
851
399
1333
2184
1830
2319
770
52
1181
34
273
47
352
1079
2153
30
909
1481
2002
1728
1088
113
642
633
417
2067
1662
765
511
247
630
657
564
1256
1197
705
2021
821
1666
1270
1794
1064
1539
2374
2152
2029
740
793
2378
638
2021
2133
1085
2079
483
1784
1273
1378
948
780
437
1999
1118
957
880
368
352
1181
1996
4
2218
1799
2398
1377
1527
1490
2407
1850
1294
2155
1403
1991
924
130
951
2186
1471
120
60
1087
3
265
802
579
1699
544
1413
2173
1169
1306
961
1936
1433
2069
1424
2313
226
