136
1000
1
452
358
124
473
294
73
147
305
180
183
463
347
246
492
374
163
302
58
432
339
90
150
387
7
183
285
369
147
332
15
25
63
356
165
252
96
57
7
38
487
213
268
16
48
204
406
210
470
239
165
364
374
25
460
465
13
137
156
392
252
357
254
105
476
453
252
200
394
402
6
253
65
81
286
475
456
36
424
65
66
431
249
94
165
472
218
395
260
123
287
18
192
144
320
54
221
103
185
434
107
70
124
54
296
12
135
56
264
261
196
301
209
87
4
107
339
220
287
25
48
259
285
402
39
122
238
105
97
95
405
456
117
29
310
174
