128
10000
2040
4257
1394
3407
503
274
3719
4119
2703
999
3781
897
3466
4302
1955
1652
787
1290
2707
2157
2963
4813
863
2002
4347
542
4225
2244
3632
2502
516
4335
4399
1815
119
2816
2079
3411
3048
810
487
216
1360
4285
3743
1860
3573
1218
609
4601
191
1139
911
2208
1262
4831
801
1559
862
3871
2972
2948
3233
3773
289
2368
4024
794
4058
3836
3546
4738
2375
188
1353
432
1860
3925
4231
1954
4014
2581
1701
246
3178
2956
139
1277
405
2745
4854
243
3068
3511
3584
4435
863
813
429
2257
3710
1211
73
3149
175
1773
2320
2924
997
3138
2368
4065
3
1631
401
1505
4427
3032
1230
3523
4498
2351
1338
3988
4330
883
4568
2716
