142
10000000
2260416
3728717
728378
1705389
1640524
2578449
2457629
3601
1227692
4750625
4592353
2345018
3419259
2299143
2850779
1467015
3435507
507383
1471892
535816
1755153
1379817
982790
915448
1746750
1068187
1506156
971555
749247
1765469
3212119
2338222
3630311
2961213
2030744
2426474
1371200
4465950
908043
4739242
325264
4151518
3055789
903171
2094895
4251290
72930
1833677
979061
3814027
795959
2547674
2363094
2587598
1449961
358971
2080532
3000788
2229276
2986048
2921892
1912248
455993
1219056
987745
877198
3964804
1359705
105847
3663277
747430
386268
2865697
611487
2244060
356024
322263
2494304
455272
4698545
2426613
4958733
4154128
261891
190218
1543685
2303850
296561
2430675
4300855
4589973
1973132
3038633
3015705
1737132
3541166
574902
3683802
4106635
611099
3597667
2159829
846927
929256
4376240
2277770
2311409
3670011
3367717
1410956
1457147
108571
1517013
1310548
1593313
4479388
2668073
1965280
802723
446585
1081524
383290
3766586
721226
3353656
917738
711190
1105904
999071
3637888
1013742
2547386
2859591
3885946
4236770
1855555
1689439
4880875
2635563
3235727
3743219
241990
