140
1000
149
148
127
477
77
81
264
66
141
74
286
30
117
488
27
308
375
50
244
150
463
275
238
222
447
213
491
128
161
4
235
288
457
293
231
62
304
423
258
337
129
159
185
1
82
104
152
5
226
253
388
357
103
392
94
93
28
88
160
119
85
285
257
377
349
314
207
314
70
120
272
246
278
146
234
448
131
435
154
365
214
3
227
22
321
72
16
124
145
229
23
75
268
362
277
245
111
224
36
438
471
114
67
474
155
473
263
308
349
415
141
499
84
160
266
66
114
328
32
244
98
172
41
34
331
162
24
294
492
107
304
382
206
223
19
443
41
418
258
82
