133
100000
14351
21620
25319
7427
46593
40946
4030
11083
48119
7960
13725
36732
2018
2284
29913
3826
5684
22720
40712
32332
7245
7120
13648
27254
38387
15536
20612
42682
31237
10725
4938
5490
21057
9001
31404
9805
17953
33355
28680
9193
40385
35487
43427
24107
7068
16002
15040
21193
18629
44264
4641
22538
18104
11168
24467
19419
7957
4
44923
14690
39746
21171
28918
47706
25198
41385
18933
6415
8700
11218
26436
9645
23935
23709
33188
21896
6999
10563
24103
41787
7094
18697
14980
9144
49146
30080
15558
35437
14875
23565
19174
33295
17114
29246
19766
30776
1350
40023
8693
23441
36449
22576
49757
40830
45967
17171
22864
12095
2632
7141
30974
29161
42990
6393
40503
22054
24058
43565
9389
23807
37869
832
43184
3946
24929
42148
18404
31183
21486
32709
22290
37845
3465
