146
1000
78
138
235
167
202
448
471
379
207
208
217
173
161
232
286
26
44
212
62
3
338
115
55
310
404
465
162
247
89
197
464
396
217
417
387
84
497
143
40
150
166
193
186
295
61
327
116
398
302
354
205
164
75
4
66
392
472
143
247
172
230
343
51
377
376
24
122
238
133
185
89
30
255
43
276
22
143
125
8
191
141
168
454
176
213
364
31
227
178
188
307
142
254
164
380
464
117
475
127
51
172
179
196
77
289
455
241
15
193
247
358
19
174
407
139
154
356
331
369
380
72
181
92
249
106
20
74
235
267
392
285
85
71
93
51
401
158
24
165
155
323
196
38
1
110
59
