137
10000
423
4315
3032
2236
290
4377
592
3584
2197
1904
3876
3115
4524
3107
4774
312
1298
1227
2847
2307
4538
1286
2201
3232
238
2489
612
725
20
51
372
192
1020
3157
2201
1847
1791
696
4461
3185
2460
2945
784
4
1481
2419
1400
560
1027
1230
1638
1170
3881
3026
3931
3153
1577
2299
610
1326
1630
2961
2488
4163
3968
2531
1041
2125
3929
1479
1139
1853
3971
2606
2605
1266
4802
443
4382
3364
1920
1323
295
4832
4406
3512
1188
3667
982
2229
3040
123
129
2487
2582
4799
3954
3113
1506
4666
2846
802
4259
1855
3987
1853
1633
237
2499
203
172
701
505
2178
908
2712
1189
2158
2345
1929
1680
3435
1698
1377
3335
3917
1800
1794
4473
3859
1812
421
535
3553
1291
871
4107
