142
100
7
26
24
14
22
25
27
47
13
40
20
6
47
25
18
38
5
18
23
9
19
19
31
11
4
9
40
18
36
11
33
50
7
10
30
41
8
48
15
9
38
46
40
11
15
5
2
17
18
20
21
8
4
31
37
42
18
1
20
9
29
40
18
10
25
20
24
17
22
17
3
21
8
8
3
41
26
22
47
38
3
4
35
34
11
6
17
6
1
24
33
5
37
12
8
20
23
13
16
48
26
15
31
13
41
33
39
1
34
14
38
7
16
6
5
21
1
7
18
30
23
19
11
20
3
25
45
10
24
48
15
39
29
4
17
37
8
15
13
26
46
26
