135
100000
34562
6162
1494
19879
22389
15162
25225
33221
10448
5756
14834
3423
31074
34624
11849
39354
37813
32314
35263
14763
7599
18155
14492
23105
40607
48274
14598
1158
23826
1695
11077
4695
42308
11669
9579
41373
34508
18997
43824
4395
13804
28585
23968
7704
31
42866
4148
17068
14889
36697
14858
18414
39230
7524
9412
4492
29577
27432
1208
735
17362
14027
1041
19503
19703
37485
35883
47859
27655
15572
40032
12678
19097
12753
41309
234
7194
46526
11478
16871
37041
44594
1649
21120
23499
14539
30563
21744
45768
47648
22351
19399
4282
44958
8037
35564
26458
13262
5444
4431
25756
27720
3614
30408
10683
23846
31516
29375
9861
1271
25222
11174
19397
19575
31369
43669
34899
34642
5782
4509
47832
32980
15378
36560
43088
10181
36459
31082
41318
40369
36511
37822
8395
44474
8465
