145
1000000
197493
487841
200119
434372
235720
53078
44843
73239
109525
220869
321855
360403
95926
60569
108578
86518
450575
402196
231352
52264
89993
251674
155331
67326
68017
92462
48875
178557
2924
101803
5657
147723
229552
169202
308122
367100
61586
447168
180265
52303
264606
97585
219777
494182
369196
437429
215567
215431
400672
332058
273665
125900
236317
428300
51284
282567
25826
63
495664
43419
211814
436671
267853
297699
352352
143990
163285
484515
135113
77658
216655
388079
212149
82114
125874
419246
276577
449170
142887
106190
360909
181251
68203
23997
136767
450770
7643
34738
13324
278141
122539
445978
3179
99624
22430
154539
237980
303296
369272
131959
196706
202013
365617
61109
393137
215011
129157
48161
30982
36348
296647
27840
298432
430918
185213
232086
257626
177422
269336
229760
243339
294004
81488
225864
476312
73138
160530
379717
293822
36184
314347
181680
130336
126942
134710
237602
264431
216470
374120
40317
217680
262138
26847
333433
92115
