141
100000000
9675497
42012198
40812915
13856868
3363863
475896
36708188
10289073
12349426
6883522
22261069
4513439
22936057
23103727
5971189
14655324
28356571
7306938
10066374
11733637
10662974
6698351
18524229
43560128
43344909
15408748
4867682
7233319
8038321
17718030
9865301
8770765
10920289
19598811
12461748
25980120
27894425
26453719
31342888
7561401
11274443
41626361
14314971
11751487
16695388
29906253
14640212
13757202
20529518
24031997
18480039
5074495
49556350
20302050
57159
40210942
37285891
34657432
32034989
43858596
12044006
38732207
47869847
5140133
20135048
37448143
39606790
48236954
7773284
35110004
21281569
37032540
49359400
33803766
35619390
13958405
15647132
26308126
5309364
22213441
17855856
22556074
34450595
7988074
8106351
10490496
40685610
14241645
9318954
34093537
17514639
33367356
34341405
22521182
11149446
22349053
17291874
29945358
42367339
6257194
8298191
31410526
10664131
5549262
36921742
45569917
12601331
18332123
4626665
41290435
42655370
1417624
24818239
35538039
9750081
17417406
20381351
5899727
40562268
7021939
8035490
6308570
14138898
14479
9224777
6794683
25876541
12015352
13166247
39882703
24878412
18015340
9478844
36295253
2002611
28119861
23642308
34468884
31462006
31925945
49721138
