138
100000
7102
13546
14075
48011
19534
5234
34075
43498
47801
26515
25490
2691
5508
29494
6141
16350
20580
30124
38747
20803
3764
28731
19832
16313
1861
2809
7193
2203
14793
30523
2364
24814
35356
46957
2080
42351
26986
47881
16095
15254
9867
15229
17670
32365
48443
46106
17168
20441
3657
44128
29119
8071
42416
27704
42186
41679
33173
27623
12003
26
20424
13685
35366
723
7928
49474
12
14926
24049
5919
14088
9899
12533
44985
8132
25405
15557
7276
39864
43804
43860
37208
8324
12266
7933
14094
21903
387
19366
15216
22798
36461
49419
3485
10863
27494
5248
675
6633
34656
9814
39434
21360
47939
12998
19544
49943
269
3597
41676
2334
15598
42405
16763
8351
30410
48167
22958
45062
29433
49146
12819
13706
36075
1794
19317
11791
48212
5618
13929
5162
19273
4059
37708
40254
8543
14370
15278
