147
100000000
27393
16505611
11595198
15688141
18585478
105938
44618628
38019920
33135681
17565133
16357153
30315012
42282697
3950677
10721514
11388378
34368576
44067018
15380136
2952680
9218264
20574445
2810841
351464
38864962
9514809
22061178
28918398
25010933
1494603
26172709
3247393
10002748
37213061
8378712
48361047
30563915
17174875
3401963
46457958
14995894
4400591
7021873
8653774
3704494
31101570
10165877
39687817
19024279
18530468
19697461
22126409
26943652
10935461
44630302
27537421
37710790
13690225
48102577
5153182
11058518
17957303
5243301
31725398
11584117
14636100
38926002
21425136
32731723
21537984
4167081
16615295
30683428
5275462
3603048
25560388
9186329
11975147
21002387
8420045
26286597
25293943
791838
822639
15299918
39002127
10382259
37115723
11320806
44497519
43762660
17581185
11418250
14234988
1484887
6527732
29311403
38941995
43930893
44250722
4467318
14685331
15830132
12173942
18630850
4115878
36122907
2862264
21962687
16285824
32775202
28553369
45287239
22616954
5536955
32210518
41797003
38778815
4484884
2474832
45446295
41567840
45715914
11313774
11200911
46474951
26026510
17126495
36972520
41954778
16125798
47436701
34711749
3881155
9655468
7038680
3823750
16365512
8121764
26422
5997749
18466179
38716369
6495417
9593555
22600839
8678368
