147
10000
1058
2471
947
3923
2135
2486
1839
2692
196
2688
4327
3690
200
4880
2102
481
396
555
2830
860
3619
1332
3545
2319
3689
2710
1517
4215
198
508
2826
1244
899
2154
2081
3432
990
39
1346
2814
738
12
269
1727
2278
944
870
1470
767
4446
1259
531
4039
4762
4
2986
1288
1754
1824
3772
4581
1607
3629
4588
1205
3754
4839
2738
18
1592
1557
1619
3670
3661
1787
218
3130
2034
1386
506
1898
2410
1102
4765
2814
1532
3349
697
2697
4499
248
522
39
465
494
4168
973
441
2808
648
414
4358
2547
3747
841
1698
1692
1786
4047
4190
2339
258
427
960
1529
2495
582
4446
1636
5
1950
3083
307
3441
4938
101
1463
420
4479
1453
1835
1869
773
1903
2
4468
4256
4088
3275
2219
2431
603
1440
1281
157
4177
930
