141
100000000
6908721
13438146
48828144
44286107
1236250
42071075
1499801
2357942
37294074
34123566
25167530
7354984
33958685
21561298
14850097
31099020
3309113
39648203
29632490
27291925
17224921
3811060
14771709
39432359
33072254
27802662
20286467
16762900
43321057
21811971
34428495
13908651
32222913
35827406
9681025
35102274
15942168
9516471
7999679
30372536
11330201
8769769
23732257
20881369
17346448
6040386
33247389
7857568
26730818
43593312
41275144
24146326
15218248
40447955
4909797
5486133
6266814
41707826
40673107
3914
14117114
26859989
3745595
43862669
34658637
15768895
44488322
3572990
18948650
43258692
42353565
12706000
33421119
9708187
8742988
7933851
12682688
1202864
20489977
16383619
29325066
15213631
18040943
32914089
15817360
20755320
33618858
43495332
23083446
12424646
3849094
21019807
38865883
353548
7697308
32669336
12278973
7286944
20716737
49870517
34159363
36874538
25041992
595298
18205703
14873697
25507625
6636852
9479594
16319284
16526878
26677918
22990781
8145982
17286056
29883762
13464389
22435129
7727412
27790402
27680380
2261448
22787830
5160416
20700839
36342942
45518693
26959482
462700
28186105
18112258
16597440
7146632
43606186
3160916
4604051
15482674
6375758
45366448
2326547
37453421
