141
10000
2061
1200
303
1972
892
3164
3258
627
455
2493
15
4228
4552
3742
888
3811
238
1918
2598
173
80
1437
2664
752
23
653
2972
658
4653
4155
4570
1
1872
661
2264
1930
1555
3397
1642
369
236
1301
4547
3779
3767
3270
2098
1939
769
1236
1588
3783
39
801
2123
2080
3299
4208
460
2294
1386
4668
4705
4424
4140
1827
1596
3485
2417
2582
3628
135
2024
268
4211
2323
2340
454
3148
2721
2936
1166
364
2523
4342
3852
1313
2389
3356
1374
1921
1331
86
2859
833
2402
2635
3395
2470
1373
2773
2183
1375
1532
307
3407
2072
3550
2945
604
1064
1918
2510
1411
2077
1747
3125
2673
905
1797
251
1756
1703
637
4913
2029
4998
799
2956
1189
335
1347
4739
166
1364
4435
4489
2088
738
2611
2567
