138
10000
708
1355
1408
4802
1954
524
3408
4350
4781
2652
2547
270
551
2950
615
1635
2058
3013
3875
2081
377
2874
1981
1630
185
281
720
218
1480
3051
237
2480
3536
4696
208
4236
2699
4789
1610
1526
987
1523
1767
3235
4845
4611
1717
2045
364
4413
2911
806
4242
2771
4219
4168
3318
2763
1201
3
2043
1369
3536
70
792
4948
2
1493
2403
592
1409
990
1252
4499
814
2541
1556
728
3987
4381
4386
3719
831
1227
794
1408
2191
39
1937
1522
2280
3647
4942
349
1087
2750
525
68
664
3466
978
3944
2135
4794
1300
1955
4995
27
358
4168
234
1560
4241
1673
836
3041
4817
2295
4507
2944
4915
1281
1371
3608
180
1929
1177
4822
562
1393
515
1925
406
3771
4026
855
1437
1528
