135
10000
2365
2866
178
4207
2988
1693
2178
1114
202
1569
4993
1281
1339
1211
3939
3566
3261
2701
1637
1439
1885
555
4308
1463
3015
135
117
4245
2312
4967
2240
2463
1815
770
1906
644
4688
4866
2968
568
16
933
1508
333
2961
1546
3925
76
1685
1938
3138
1171
1666
3245
2474
1226
3626
4571
4371
3722
2288
1268
2592
4712
11
3095
4067
3227
584
423
3811
942
1603
4323
570
1355
605
180
2750
2442
3232
3856
2646
807
772
1863
2519
1687
4883
3298
3718
2233
3564
107
741
2392
2286
635
617
2829
356
2
4782
1524
3905
3615
4888
475
158
1286
3829
2523
2735
1519
3716
3529
2884
795
4019
737
3787
417
371
1183
4241
860
2289
763
4867
487
583
2306
1980
4456
3812
