136
10000
750
972
4323
874
3018
2346
3291
301
41
4880
1289
3531
4421
3662
4989
4260
2782
4322
3880
547
568
814
4451
3227
4027
2927
1343
963
255
190
4339
177
3331
3066
2029
3471
2208
1508
1520
1461
1057
375
3082
2757
881
2163
1596
1213
2832
1837
3360
1304
2879
1594
2311
2399
1261
1787
478
1
812
815
519
1443
169
430
275
3490
3877
4722
1389
1072
2011
4364
1496
1984
3056
671
2511
4552
668
677
968
4636
4859
4089
3890
4933
1457
3791
914
3356
4219
1748
4086
1440
3792
880
1807
4080
2612
3107
1030
1305
3728
189
2623
1511
4928
1683
2819
4215
2938
3852
771
3623
1925
2807
1342
2186
2332
3652
198
297
333
1219
2649
1276
748
375
1374
902
867
1740
1420
3955
