141
100000
3738
40652
12718
9007
48579
6326
17782
49575
28330
48880
47060
7149
14962
19909
689
2823
31222
19340
49969
30588
33734
560
44236
19061
17076
48351
25789
2891
8628
28225
41544
33514
15875
25643
38060
12162
5252
15977
30471
11979
20833
29218
28043
29097
26717
13758
21352
8800
43498
23885
1436
34039
34397
46545
40629
41585
10731
17099
20938
23188
15817
402
13579
19467
459
33976
1073
25860
34732
25011
23743
31227
19871
19976
4822
6009
3702
34771
27896
23922
7600
32068
45900
13524
32679
24115
3538
28452
34660
1198
3623
24654
5894
10049
23072
25902
2213
18761
2283
1416
20913
35222
15212
14216
31024
36932
27
20777
33971
48184
13769
6781
42480
1
48989
19975
45848
6002
13402
8403
29579
8971
21203
26179
13800
7856
25099
31278
8640
4818
7800
11289
3157
20345
15044
27369
16353
40036
21419
8083
17524
