135
100000000
26815408
26214984
33519959
9530382
1622875
37814939
22019440
45220073
28674827
22430851
43266706
42449097
16851754
18728890
10209568
11900430
27046394
26449915
27116229
26417311
37808691
16307181
5098360
36375726
6743051
29645415
3245991
4690132
24776384
40265556
4314876
4839301
45742689
9503880
2196109
11823474
21974823
43184843
25397672
5678484
8957453
31707380
15572405
9760167
481132
3826794
10841929
13756474
6097441
20120159
22662376
19887151
25982916
30162379
5181234
23951579
3914138
29349
23143119
22394630
9021477
11248504
48041903
34563574
47243673
44868341
7648547
24402002
22572062
36552727
14390779
47967047
47818181
17651733
16810191
23084669
2630392
19937995
36094864
9148900
13703115
6797213
45302890
24440187
41494119
20904292
47811396
658391
28359659
4115938
49665518
32602850
36631865
8901054
5048302
43194656
8662411
10787818
25084382
48706867
26395822
16390196
31815338
17531606
30878348
16687536
34198727
36419954
9939771
27831750
8242649
5926745
40248356
7729809
2412569
27651606
23125840
3599738
41213763
4186905
19300447
36542772
29705555
5664898
786091
8931781
29464730
20020016
40533056
10307068
46373530
21096949
32145802
41654127
38132791
