141
1000000
96753
420122
408130
138569
33639
4757
367082
102888
123495
68834
222608
45135
229361
231036
59712
146554
283564
73068
100664
117334
106630
66984
185243
435602
433450
154088
48675
72334
80384
177181
98651
87706
109203
195989
124615
259802
278943
264536
313429
75615
112743
416264
143150
117515
166954
299063
146403
137573
205296
240318
184801
50745
495564
203019
572
402110
372859
346575
320350
438586
120441
387323
478699
51402
201351
374482
396068
482370
77733
351101
212814
370326
493594
338038
356194
139585
156472
263082
53094
222135
178559
225559
344506
79881
81061
104905
406855
142417
93190
340936
175145
333674
343415
225208
111495
223491
172919
299454
423674
62572
82980
314106
106642
55493
369218
455700
126014
183322
46264
412905
426554
14174
248183
355381
97501
174175
203814
58998
405623
70220
80354
63086
141387
145
92248
67947
258766
120154
131663
398828
248785
180154
94789
362953
20024
281199
236424
344689
314621
319260
497212
