148
100000
21507
35661
32015
42082
42494
17629
1736
30182
10999
17042
2424
35493
4017
19687
9289
4139
13412
30203
12027
18298
4903
24807
12485
30468
18591
17000
17597
45064
23745
46657
9986
16901
9866
4519
24804
20077
9576
43737
1042
13090
17500
31845
40830
14686
18249
17386
26959
1905
47371
40801
9389
9566
10625
5889
6537
22495
19998
3286
21893
30351
33733
39009
33299
47309
16596
3633
28167
3207
19747
7684
47310
775
6248
2563
6189
15057
34686
11953
15369
43345
46937
30848
3910
13429
24454
9323
12617
22863
33893
7401
33261
2527
37826
21202
5075
5925
40067
32519
4530
45542
3776
32573
15536
26901
19170
15676
19275
6532
24873
4629
9660
39378
28430
14890
12398
39732
19400
7560
19046
14914
3151
22526
31327
3011
13568
10311
13753
38
10971
27346
29978
29220
26123
9300
14549
41304
9610
22898
5605
42626
32394
19030
14664
25800
37337
37959
45787
2625
