137
100000
30586
39822
16520
27864
44011
1151
13463
8121
9696
34798
8849
15202
18156
12187
45066
29349
1092
7534
40838
13211
23865
30640
34062
21612
15641
35507
32629
27886
4304
16835
42232
4553
23360
7487
14946
13846
31178
8014
28231
32568
38244
20288
7118
26082
49403
35356
19329
3637
17469
48718
13702
12550
5010
12149
508
38651
36903
40018
44576
20396
22458
5618
9453
38446
42084
29622
5776
14522
36036
32
28759
12987
606
16933
5024
25380
7930
36785
31710
32729
31006
26344
10261
18268
22566
24355
40735
31430
8575
43217
33064
21639
37919
26775
10969
45286
30371
44440
7730
16401
2834
19212
10202
32218
12935
8857
15593
17467
7708
12488
40983
961
27888
3184
8682
4476
20712
24770
13373
8119
22182
33482
47059
1722
34133
27120
18511
43480
43462
18928
49744
6842
32293
18845
14265
2841
1169
