138
1000
390
3
15
382
426
160
117
212
133
3
183
494
134
5
229
466
4
94
347
283
111
26
454
367
83
72
193
136
20
17
258
342
373
414
256
231
167
185
143
300
26
318
81
328
295
202
117
32
422
434
406
88
49
96
391
62
249
112
54
181
59
263
341
163
454
79
52
315
133
496
384
197
275
47
91
360
336
48
337
426
298
363
270
377
27
348
128
229
71
324
286
452
142
55
400
364
234
245
28
411
387
158
63
32
358
248
155
20
273
331
207
64
280
333
1
47
217
111
155
178
449
336
187
95
33
16
447
88
180
383
290
111
62
61
335
456
364
410
