136
1000000
126
451727
357114
125732
472634
296013
72695
146275
304391
179776
184925
462704
348526
245077
491327
374858
162975
301344
61966
431134
338403
89686
150718
386984
6357
186843
288022
368743
146477
333181
15912
27613
62567
355387
166867
251800
95398
56281
9190
40136
486678
212380
270226
15285
47330
206508
405361
212194
469030
238391
164228
363360
373342
26650
459520
464171
15257
136034
155315
391955
254535
356599
253884
104605
475682
452623
251748
199248
393411
401150
5847
252714
67060
80633
285773
474450
455087
35705
423627
65857
65134
430021
248240
93293
164116
471439
217156
394335
259433
122218
286274
20063
191851
143709
321060
53154
220805
102568
184229
433309
106156
69476
123171
53694
295446
11314
134651
55680
263917
260672
195169
303365
210311
86837
3347
106592
338492
219050
287983
24276
47994
258313
284279
401540
38671
121080
238545
104528
96864
97754
404025
455846
116244
28861
309077
173036
