131
100000000
32836471
6438911
31638949
31708128
12118059
4622357
9969745
19514016
34226141
38751416
11502241
17340829
44051920
27688761
37442501
22406205
12886736
2579498
8034885
24919502
20741085
35257226
44016320
17008388
21479260
11106659
48453218
11562664
4590799
27265355
13016780
30435687
26475363
40867083
32075210
9655437
15231503
11809218
8603062
21056462
16453368
10648584
18120383
35425507
30634846
8683549
6330340
11432376
23646812
45705919
32580314
23015696
1683357
26988044
47296937
24650886
19604423
36679818
3049557
8494711
4431359
516186
42180477
20597161
5267878
11518478
25212595
27305112
25390677
15444423
18499024
3617232
45410833
32277318
3339943
28207969
12890941
13090691
37289944
6076317
18214985
39226611
28870811
48782679
10738484
40478837
14563088
3892462
37220386
13704626
18159781
38053517
31133105
3234539
36770924
21470654
19603919
16959148
27136710
49926979
22730993
3375631
5214758
27328562
15757811
18182719
42303250
44813001
7429114
27784
2336723
25919284
18772662
22101777
27342028
26797717
32398894
46560055
39240625
19859555
41056277
46104131
33640392
13597026
44099240
14588774
17376022
5118374
49260491
48075471
29374579
