148
10000000
3206875
189942
1693601
1026646
4823895
4943028
2390803
2543855
4249800
2599711
222298
977096
2236193
1544427
659913
1938015
4271602
2580383
2457261
854809
1816789
2033825
2466845
2357795
912784
4511273
2131812
479505
530621
2812377
4928673
1805334
2061265
2920215
3938314
1519859
1550444
374508
2203586
738284
485888
3508135
2271826
2352151
1714970
903030
1233171
1160311
2605865
4879235
990895
632438
3452911
1014369
100989
2208793
4348555
44989
2211530
1200350
4261931
232276
409393
657770
4696029
1337406
3334087
1089997
4445001
4038296
995037
3324153
1631346
3674871
310156
155561
1144518
3499552
4023681
1534043
600234
1577422
2652865
2990647
1460167
1631585
1264058
1115944
1969394
3959638
764059
2683569
25783
4880734
1018477
248715
1327122
4996193
2119807
3186722
3628852
3818395
1156716
270583
3028225
1039838
962246
1722
1302874
17875
1224797
137946
132341
2056518
4705293
1161063
179368
524824
4858699
224597
664581
4119491
1846915
4445210
2015590
442194
4350238
4624384
1607366
1529260
878941
4180485
924332
4665627
148855
4896168
1010510
263456
187248
1227776
2941822
349816
3551792
2780378
1087649
2178082
1616460
939701
