144
1000
26
227
228
187
184
163
233
411
276
147
127
269
341
275
499
116
75
311
152
336
396
400
1
98
197
76
314
115
303
77
181
324
338
315
284
23
48
42
60
61
201
199
178
21
132
235
219
128
310
253
488
485
278
268
64
494
37
48
340
75
89
442
204
35
197
183
307
56
169
31
58
90
175
40
456
225
57
47
34
493
186
354
322
355
418
182
398
19
275
487
344
239
28
415
81
162
244
397
23
81
266
437
92
249
465
343
27
19
336
13
248
438
93
220
171
298
57
190
106
20
137
500
259
403
67
286
231
179
44
258
241
302
398
19
240
30
303
158
46
163
201
300
51
9
