134
10000
1353
4934
3763
2209
3114
2374
1169
2471
2859
1473
2640
3865
630
723
4006
4010
3518
4646
648
2634
4955
1218
1665
977
3268
3293
74
4759
4773
529
3757
3216
1883
1375
305
1192
1311
96
4283
377
2503
2654
2437
668
124
3804
4521
2427
2026
457
4004
1529
2475
3435
2103
575
3656
1577
2572
2016
4720
1373
2335
3638
2371
362
212
3994
709
4110
345
328
4215
124
287
1868
3108
2672
1036
246
1376
3234
1071
1843
3713
3141
892
3969
231
1252
3362
3917
4898
53
4152
3453
2537
2011
2693
3125
438
391
4163
1035
68
3201
2355
634
1928
3883
1526
4936
4836
4362
2278
103
179
763
461
784
297
975
1340
1260
3445
4
998
4409
3074
3486
4131
4356
1781
1236
