133
1000000
274937
180232
137138
94598
492346
291750
15475
298817
348732
272892
15207
167038
181199
408100
120412
427046
65963
59730
67405
277125
107115
488923
492766
293103
39956
63751
11364
357317
221420
183004
157149
85506
255400
143981
460034
215171
244720
39327
161081
258142
307704
465943
52685
33563
106228
111687
378559
212073
195529
299927
19071
331931
60536
20224
414315
90079
338777
431125
376
224726
159003
386077
141989
69795
162414
403952
270879
120025
175863
86581
369513
187352
187304
72828
438824
289710
260509
313814
407088
52497
241898
290591
282015
292582
218085
66159
269056
45855
235231
36257
365260
278297
293400
388042
215637
469819
217099
443978
249375
210881
427875
313582
363421
15719
427230
439431
386337
193355
467970
151467
77104
71341
373452
159462
255243
33941
17539
355179
195400
168842
93975
131809
75552
87502
357867
180259
160952
392511
465091
473979
306079
10041
134529
