138
10000
1272
2698
3019
1522
3
3128
1129
2922
1598
1625
3398
2396
1956
715
2094
526
2803
3466
4156
590
3121
3352
2502
898
229
3474
140
2092
2389
4706
3024
483
4888
1947
786
2565
1877
69
666
2823
809
372
108
901
363
3123
1582
2076
1376
3688
4428
4350
780
3398
4740
119
1998
2414
1497
222
281
2375
2640
1588
766
2790
3251
4041
2134
2946
3440
3478
2910
2393
760
482
4589
3059
2736
396
1934
1351
2585
143
3523
1079
4063
1378
1907
290
1589
2618
4585
1636
4155
3404
1358
4196
2410
1988
601
1198
1074
2579
1005
1753
777
316
793
4836
41
354
4958
838
3789
633
679
2672
3014
1217
2308
46
4655
2958
863
3374
3713
4325
3806
4899
1779
4158
371
2319
4066
2360
4858
1377
