141
10000000
4125845
4145175
2803176
1745066
273798
2496624
4518970
1289829
2265286
3851763
1576542
3597534
3879724
4766888
152988
3147886
229185
961440
1405985
3095543
3295839
1204469
488997
304051
1515211
4152451
900323
642372
1511956
959484
4905894
1911829
2490248
1985208
1765840
1823112
4481169
4910289
2005545
1536113
703670
1437958
2034585
4398910
4442139
3685196
2219557
1426600
312267
936557
981993
2988504
1146076
1479133
1305539
4213115
256509
1680913
3742163
63109
4202475
181754
218317
1721895
811569
60988
3881538
3017117
4711705
1083723
3619685
1718388
3772071
3439192
409741
1254930
4592755
1944845
3349040
1040710
4483942
1140718
4346452
473026
181124
3346267
1042661
3366
3943010
2086052
2077034
2791380
4178841
2978872
805127
1483152
1556806
2785241
3310221
806428
222425
2097455
424066
2656905
1514629
2145488
1542001
3146104
2049088
992204
1035780
2184165
1226721
2538628
1849575
3082581
2496915
2243007
1712103
34463
1187956
2409975
1609080
385235
2451133
3594236
1118919
3865445
1579375
2325287
743973
3209942
1561249
2160349
3863358
1185154
4866008
2854788
1099591
1220653
87693
