142
10000
1435
4347
1374
2557
471
1793
1305
910
1538
1249
328
535
1380
2778
2378
546
77
3025
1784
4554
449
1540
1521
3294
63
1254
4139
3310
3593
3176
1211
1600
2099
1
475
298
1324
2400
606
1885
2873
3870
3460
853
4410
2771
902
4086
2662
3421
3654
116
1317
4154
718
4587
1666
3848
270
2398
1712
159
1789
4175
4104
2694
4093
2363
733
2332
1733
1296
4911
1868
669
2012
501
2622
163
2534
413
3859
2616
179
1316
908
3908
872
3283
727
2792
3808
3423
890
1327
3462
2148
4778
46
2473
1206
2255
912
2665
738
3279
3886
3878
345
3191
195
920
4985
2554
3456
1814
4121
298
3064
4867
3977
2128
374
8
4379
2361
2746
1433
346
717
4741
4478
4826
133
876
30
3527
1262
2728
1476
2227
269
