138
100
5
44
14
46
9
29
8
25
4
33
37
8
2
13
46
29
14
21
8
38
34
30
21
16
30
34
3
1
27
39
14
9
6
18
38
6
23
4
6
31
8
16
25
45
12
6
31
30
1
11
26
41
32
11
18
46
13
10
39
39
34
34
5
10
36
39
23
48
1
9
14
33
18
26
7
16
38
28
1
23
22
24
1
36
48
5
1
49
8
37
4
31
19
20
16
45
3
8
25
17
47
16
12
19
31
24
1
10
6
18
5
25
4
29
35
34
48
1
19
28
26
9
29
29
29
28
30
14
19
50
2
39
20
5
31
4
32
47
