138
100000000
31966852
21281675
17727805
21154157
6051669
15850574
35007723
23879587
15158982
8256451
1518223
43903095
36039364
4062067
17611129
13534472
9295085
10566
20322938
15095262
47437394
31761843
16161355
30694471
34767951
19331048
16467368
34780050
21803218
22948161
6309041
17613379
14858457
14077094
43546544
44354624
24784721
11353850
11599132
20957010
49572489
23870585
37736702
34019429
19235771
24060431
6213290
49561252
19177679
11835987
32790600
22173208
27828004
39737026
37496303
10195079
44209477
13578318
28676180
448866
29550076
27143162
13606066
49883615
31105908
1212103
8043036
18591900
13510232
21733995
21124235
19243258
4049462
11175067
10392552
15686156
393716
17553356
16868525
20103815
36753477
6798468
33247732
30279227
21421397
23290298
28044254
5612448
45118468
18158456
33653547
12367332
2952331
19675444
17030378
27576014
33502496
31667570
28933122
20694000
7493130
24152603
20294166
2706870
25591542
17050148
11835410
4311542
42075107
5214482
43116206
2495600
1159374
43207206
1998170
31070549
42919499
21507286
28967354
25360368
23429206
6089268
29481738
44937883
8535140
7521970
31688448
9295906
23710888
24650394
13932785
2188416
49268137
20067185
29414657
20849851
22836955
26076804
