133
10000
1809
1351
4690
1489
1073
218
1557
4003
2042
95
6
1096
4850
466
286
3756
1140
4196
1801
2061
4474
2410
1036
308
3090
444
4938
1341
3660
3458
3581
61
1230
4957
4326
787
1845
2695
251
88
801
2540
2503
53
4983
3504
3923
2635
2148
2968
373
731
4760
2985
3071
2851
1345
3466
3801
4345
2777
4307
1267
3485
761
829
1597
4167
194
1687
4080
1128
2336
174
4627
193
3556
1233
4280
3349
4301
2888
2542
2497
103
2075
4160
3175
1104
1140
1014
286
682
2368
1657
3540
3073
2534
2394
1323
1991
2903
3146
2389
2220
63
4494
1443
890
2822
964
1406
3957
4377
4558
3568
1618
40
83
1365
2557
4481
414
923
3811
1802
1744
3434
1366
160
4455
4918
4
