153
10000000
265498
1439782
3293525
2179566
240413
704537
107462
98066
859710
1826615
415911
1905810
2448760
4323734
1879409
483889
1772348
1140861
1601567
1699954
1791629
3190791
1569674
1612449
960778
2021989
4345270
1754518
1268063
4155785
3599188
390707
478549
1457883
2114553
2264793
1094947
2150083
114114
1640080
1293469
1576826
631420
2582052
2239845
2963443
3980676
4513059
4509083
4362636
4137939
3993222
2770380
1516316
2795585
3794797
2661
1238277
4933185
4207813
2624228
1573794
3379878
800424
2652207
722979
1177000
97114
4419502
2726361
61283
849185
608331
1712946
4483241
267841
608225
2565536
163137
4044763
941045
3038260
4215149
2028555
2442189
636928
4713201
1234170
995170
3468326
2721389
3502723
1137935
1338662
4345185
371532
1212303
1286775
936715
3653324
74686
3558509
4911952
2495725
1537785
1504609
204025
2428801
685494
88944
489133
3176956
4286259
1945232
1599637
814004
395019
2696743
4722848
4234018
1113618
3471200
2150093
3001390
1657713
1936813
3404803
1869546
2028346
646332
539268
252059
1779669
203138
1924962
361322
819504
458319
2683352
316335
1019865
1324058
4839001
591872
161222
2065552
1716625
2643824
1140984
978619
1567873
697931
4320958
