131
100000
32837
6439
31639
31709
12119
4619
9970
19512
34227
38752
11503
17341
44052
27689
37443
22405
12887
2580
8035
24919
20742
35258
44017
17009
21478
11107
48454
11561
4589
27266
13017
30436
26476
40868
32076
9654
15232
11810
8602
21057
16452
10649
18121
35424
30634
8681
6331
11433
23645
45706
32581
23016
1684
26989
47297
24651
19605
36680
3050
8494
4432
512
42181
20598
5268
11519
25213
27306
25391
15445
18500
3618
45411
32278
3338
28208
12891
13091
37290
6077
18215
39227
28869
48783
10738
40479
14564
3893
37221
13705
18160
38054
31131
3235
36770
21468
19604
16960
27137
49927
22731
3376
5213
27329
15757
18183
42304
44814
7430
28
2336
25920
18773
22102
27342
26798
32399
46559
39241
19860
41057
46105
33641
13598
44100
14587
17374
5115
49261
48076
29375
