142
10000
2946
2341
1490
1110
2314
2765
2881
3205
1539
2057
968
2289
1473
1403
403
1466
3025
233
1233
837
1595
4465
1287
2452
2573
14
690
1590
836
3334
3645
22
2578
14
2089
2926
1140
2877
731
1719
2621
1453
1055
3875
37
2436
941
498
3490
2561
355
1319
1167
4176
1189
3566
1305
2251
4563
2755
3812
922
2658
213
2267
4915
2678
1614
3094
3131
932
1191
712
500
1135
3370
2806
2336
316
1269
1544
3037
4766
3133
2379
3615
767
292
1610
1591
401
1401
4925
4985
1521
4242
4717
2324
2850
2432
845
151
2443
2539
4227
2639
3080
4733
295
4877
3015
3
1276
3038
4141
45
742
2229
4423
1871
350
4479
2131
4344
633
2230
269
1063
846
3912
4730
1030
666
245
698
4624
2128
3481
184
3741
4376
657
