148
100
2
8
31
14
20
7
36
33
42
44
43
27
4
30
7
17
1
8
10
29
12
19
7
37
15
8
28
1
23
33
12
18
19
46
12
9
8
32
15
49
20
37
5
23
2
1
40
2
41
25
7
15
5
8
46
25
34
22
13
39
6
14
37
34
11
21
25
16
20
17
10
10
34
5
15
3
37
48
9
5
28
13
44
10
29
17
20
8
10
22
35
35
19
11
9
15
39
17
29
1
6
4
11
32
28
7
42
28
12
28
19
35
26
29
1
43
1
17
2
28
12
22
14
7
2
33
18
7
30
9
6
11
16
47
39
36
6
19
27
43
28
44
48
6
28
12
5
12
