144
10000000
415894
2915963
576764
2772232
1109065
45120
2365660
3224255
87103
195418
642049
582730
2894727
774253
1531181
3399910
1528751
1066850
148187
2400298
1819716
1044403
2933931
109971
3067272
2100303
159753
566978
473520
1909334
3182991
3651097
3218051
4275146
734262
859522
4856765
2451912
1154847
3687150
3656167
2827683
103037
100490
1782376
2090182
406483
2318293
2867580
834652
3018392
3446439
4299771
2832399
4780029
3811643
2191815
2269941
2252722
1543157
1758801
458390
1510497
732101
908050
1090461
1549394
1491405
1511116
3392513
4282334
214496
3934575
140871
3291441
4921659
2933905
2813893
1370178
3446246
939647
15987
655389
702901
3952747
1275535
2251202
1362916
1005924
1349587
4993338
3565849
163338
3772407
1761993
3273838
597671
839134
1800207
1218038
2421175
612245
115387
3265670
1042595
2984309
4182192
763189
1529117
41997
4299287
3393394
2615026
4932165
1580301
815079
2465636
4975304
1294828
4116264
3317018
716437
2748501
2915031
44892
4926927
4274255
4105273
31280
347372
4407495
2725696
181024
55291
4283620
3514782
3014
2578730
1914846
3317267
3280544
2878998
1385923
2984065
