145
10000
1433
943
2898
59
1481
3572
4949
1220
783
309
4361
2356
1813
1156
576
773
3760
848
676
3141
178
4358
4534
1183
1681
370
1168
4282
586
2568
2286
953
1859
3469
973
1834
1494
385
1895
2497
1631
38
754
1229
1783
764
4493
6
1088
2305
653
2792
1425
2391
2818
1928
2331
79
1942
732
167
1018
1910
990
3188
4327
556
4345
1614
1
4148
1136
2930
404
4807
327
3643
369
244
4463
3737
4149
1277
613
1323
398
2475
2834
1460
4604
4728
3645
802
2186
2433
2589
4758
2154
732
3392
4265
3347
2708
561
280
819
285
1117
4520
3915
590
4016
4101
760
2484
1229
3620
4621
101
330
2476
89
3907
322
1351
4394
2554
2327
4048
3942
2385
212
1375
3732
4934
284
1906
278
3170
386
4510
3343
1569
1044
4075
