136
100
26
4
48
5
34
29
11
12
24
50
22
10
32
50
31
22
26
27
39
10
2
14
5
7
3
7
6
1
23
17
39
21
1
14
48
11
30
13
7
47
42
5
10
34
1
50
16
38
31
33
37
11
50
15
14
10
29
1
27
14
44
19
28
31
45
7
34
31
25
35
3
31
2
27
33
38
6
45
13
17
20
3
47
11
5
7
23
23
20
30
31
8
3
10
19
22
17
12
15
5
16
50
34
22
24
2
21
2
8
27
28
39
13
2
21
50
4
5
29
40
46
30
26
12
37
37
43
2
41
24
19
6
41
14
21
23
