137
10000000
422789
4314608
3031087
2235852
289909
4376849
591951
3583343
2196432
1905479
3875893
3114359
4523266
3106775
4773267
311793
1302454
1228552
2848582
2306039
4537893
1285944
2200487
3231541
237121
2488144
613803
726764
19363
53363
375727
191210
1019280
3156257
2200417
1846122
1792165
695792
4460451
3184029
2461611
2946293
783865
3209
1480424
2418920
1399804
559737
1026034
1229837
1637375
1169250
3882983
3025191
3930494
3153939
1576813
2298642
609901
1325329
1632011
2960713
2487518
4164558
3967389
2530441
1040799
2125252
3928677
1478963
1140248
1852051
3970235
2605728
2609286
1268114
4801213
442218
4381813
3363430
1919271
1325325
294630
4831375
4405094
3511527
1190859
3666172
981325
2228122
3039078
125070
128300
2488794
2581141
4798183
3953116
3112802
1505758
4665152
2845618
801782
4260236
1854387
3986349
1852440
1634902
236242
2498281
202368
171248
701780
504685
2177080
907768
2711805
1188210
2161181
2344062
1928426
1679706
3434568
1697912
1379411
3334534
3916252
1799987
1793573
4472128
3860450
1811087
420082
534434
3552040
1290765
870024
4107643
