132
100
8
39
49
14
10
17
22
32
34
43
15
13
20
33
50
33
1
44
17
30
15
11
49
22
17
25
17
4
37
18
13
13
49
1
25
1
40
1
50
16
10
12
45
13
35
14
50
39
22
19
15
4
27
12
30
32
18
31
24
11
21
24
1
21
1
41
29
22
33
18
35
12
45
12
9
46
41
24
20
1
5
34
31
44
36
40
3
6
16
23
4
14
45
27
12
8
23
8
30
44
18
23
22
32
6
43
45
7
19
7
29
6
35
8
7
38
35
4
21
39
36
10
20
44
2
27
6
20
4
43
15
9
