133
100000000
13517040
27370465
17105594
19410625
22441608
31162973
34299943
17190728
2502269
10628786
19543251
15804578
38486539
6271551
2449885
32122657
36732240
14953901
20585566
1480144
47397966
5495100
18661285
28796437
36459621
2486630
28844471
2239773
1796203
38401900
36124603
12385318
11767822
5099032
12123229
11632731
7499003
25511367
23283616
32987197
39998393
40561286
40204712
44140717
31774917
4406851
41026215
43259939
26068155
31918094
26091237
11114563
1767737
19566
3502020
16236945
31878788
3776599
40729910
11687737
13346677
17476656
22227714
37267101
1849868
3785656
6651002
20731628
15361269
19245466
27538121
39433642
16293458
39013306
45819260
3454155
13529997
24548983
21138253
44329413
21430535
39669254
25209960
1410819
30201927
47582353
14570450
6014318
30146715
436429
8539127
34543605
33654088
49418807
44743249
27475842
6288014
25226693
36430277
33389588
45908717
2239569
36470370
2976487
34797406
10355371
27236352
8755194
27873461
17611541
8920852
18253522
43848842
17597215
3072399
34941713
42704501
17321944
6132485
27413366
23020255
16931781
48162449
32634386
18030929
26832238
29086796
18574663
20617830
27593464
27783957
15417227
48241015
