144
100000
22856
33688
23246
1800
17821
30102
43947
29685
2742
4308
10816
23217
8808
49089
14945
24858
5224
28923
20715
28227
12064
28981
41650
30751
8262
40106
24910
9776
27694
2014
7661
19833
29584
32077
16158
2672
3847
3509
8538
3298
15080
6991
12123
49600
20744
30486
11650
7319
17541
28826
9897
16250
47249
10671
5730
7578
4669
35248
7965
19591
5179
4619
41420
20949
49905
7701
3045
15881
7472
49675
18659
44623
46387
7319
9754
4066
41236
33597
25191
42993
2312
492
4440
11591
36640
2690
31444
43612
9687
19204
27727
425
6909
25892
39917
22049
15559
29342
27407
5
27651
3386
13074
28257
40202
4595
2714
6652
40524
49845
15077
36253
17519
48576
14588
19661
4907
9521
7606
28479
3364
28668
34443
11847
32636
27990
6997
32751
33794
20827
22383
4548
30051
7346
38594
48291
42792
25220
16126
10610
13626
22328
39531
45525
