132
100
16
42
41
26
28
18
32
2
27
42
4
47
11
11
2
6
29
19
30
30
6
20
7
43
8
13
27
33
4
9
37
31
40
22
9
4
16
38
22
8
6
41
21
36
26
39
2
17
27
47
2
10
19
43
28
30
30
26
15
2
13
45
37
17
4
30
33
17
42
38
36
21
32
35
4
26
28
19
6
28
15
2
22
37
48
12
22
14
37
8
30
49
20
25
19
40
5
17
17
11
14
22
24
39
6
16
50
2
41
7
30
1
21
30
19
41
9
2
19
42
37
15
27
32
29
10
44
14
2
6
25
36
