146
100000000
7789518
14008834
23434707
16781952
20162681
44713231
47066443
37898923
20699212
20718015
21634869
17227768
16075919
23124424
28588127
2994425
4390092
21346107
6115071
264911
33886708
11427204
5592452
30981251
40331235
46483751
16138552
24607406
8895733
19654781
46389254
39576323
21643067
41694159
39029412
8312799
49688160
14217526
3942767
15273923
16811587
19292730
18756029
29428560
6254789
32619843
11831598
39791256
30169892
35358686
20440689
16300121
7427582
308108
6508652
39125281
47175538
14258765
24880042
17113860
22954177
34273280
5028698
37680556
37815426
2386828
12170384
23769905
13205646
18412411
8980202
2911694
25456441
4293702
27804213
2193884
14248105
12602322
781766
19238872
14091533
16894108
45372343
17500629
21224342
36394516
3015898
22607501
17780566
18738483
30655324
14186410
25371582
16665165
37959575
46388952
11874530
47424926
12812277
5033198
17192746
17893001
19573350
7675673
29049708
45485535
24023945
1830259
19225884
24675204
36037218
1880188
17322429
40632850
13867362
15360352
35722950
33058379
36833232
37963610
7444922
18034134
9112575
24804494
10569696
2253273
7383661
23461928
26846552
39136461
28440217
8471598
7005334
9255567
5012173
40056136
16046266
2358861
16484383
15406471
32204100
19529494
3719921
37176
10957570
5807492
