142
100000000
29468525
23405635
14894135
11093889
23171868
27645275
28826439
32044909
15380708
20564517
9709993
22906183
14729929
14022959
4026558
14670046
30246486
2329355
12325177
8363342
15942066
44645994
12860735
24515503
25723825
180030
6937604
15897878
8381469
33351638
36446703
211929
25770585
159003
20924821
29253108
11398484
28769542
7307895
17187001
26206356
14524259
10566971
38747766
367660
24359847
9428274
5004823
34892057
25604267
3542848
13187506
11661059
41755108
11887089
35658680
13040097
22506280
45623596
27561146
38111243
9219156
26574412
2129906
22691459
49141763
26777278
16130145
30947713
31309169
9338334
11909462
7116586
4990787
11349128
33691088
28082227
23356282
3154214
12680156
15434184
30365153
47653155
31326343
23782214
36140539
7668316
2910842
16095875
15906929
4000503
14009738
49240026
49843595
15206922
42412719
47184162
23262090
28499540
24314401
8466538
1504150
24427308
25404659
42264988
26388428
30797557
47321376
2965688
48766056
30144445
29741
12752173
30370888
41407012
440069
7418624
22288282
44224453
18722247
3516262
44785001
21300225
43434962
6339717
22313471
2686961
10625413
8455757
39115613
47290060
10297265
6650239
2465193
6979473
46231614
21273227
34802430
1833005
37404454
43754197
6565595
