136
10000000
1403159
4047721
2650777
2126809
2575935
2624184
562816
3355965
1927578
4804886
1605797
711210
1616786
2343438
79007
2989118
1307040
670956
1311153
3055728
535768
2892792
738182
972730
3616617
247467
1592047
2719486
1395201
1384201
2681418
3934406
384719
4687356
1558251
4389518
3721540
3692268
4192005
489123
2537793
4245568
3187084
3103848
3708079
3945329
3522
2199711
1192773
1998496
1359032
3531634
2477565
4874190
2844824
683383
973167
1450408
557450
3988951
4418817
1001113
2537043
197181
2140466
1895386
3540803
1285473
4057736
611804
4263534
966824
3564667
1217849
831867
2507522
3932823
1392560
2517786
1082578
2017223
1236849
2253948
945652
2053785
39490
4922651
1669241
1435400
1170078
4912342
2331384
2121848
2289509
2863967
1385133
4937696
770159
3464184
1167499
436347
3696423
3679788
447592
1902543
691703
4173990
4000622
3961101
938043
4235624
2147629
775101
2708648
2094331
4756046
1301032
318193
3917826
97531
1433067
2093892
1493913
2035303
1182182
1441265
1731693
829803
3386328
502429
4010126
1349821
2217480
1434557
4145798
22395
