124
10000
4740
2402
2334
3011
1009
456
3367
1336
1058
1048
3403
823
756
189
1328
2506
4923
2349
1605
4992
4750
3214
2152
2157
195
4115
2869
3423
4794
3748
2158
501
3086
4699
1164
2727
3353
2060
4733
2590
4127
2040
1069
4155
3899
1786
158
3669
1032
1122
385
693
2898
3375
2505
311
921
1457
2849
4543
991
4167
3478
4099
343
4132
4499
3149
2099
2173
2093
1446
3284
4345
2224
2855
738
4072
3866
578
415
721
962
3682
4641
1057
1
3256
1137
1055
3348
828
1595
2546
4925
64
759
4630
2758
3763
915
3803
978
1053
4911
320
4013
231
3969
2300
3550
2794
4233
3363
4399
4431
2553
2109
2506
1106
3476
479
616
1
