138
100
27
12
3
17
41
46
13
23
1
22
1
7
42
2
17
30
3
15
4
48
31
23
25
25
46
19
33
27
26
26
18
5
1
35
1
19
31
9
44
49
12
45
27
21
32
9
14
25
4
19
12
26
6
39
27
24
44
30
23
49
18
20
2
4
17
25
12
26
7
18
3
36
13
38
44
13
42
12
9
41
30
33
8
17
31
3
28
41
9
37
10
15
1
22
6
8
20
37
17
26
10
14
11
5
25
44
22
11
43
11
13
7
13
21
5
11
25
19
27
18
31
16
43
38
10
16
2
10
45
7
33
48
22
42
25
33
37
33
