137
1000
225
425
81
166
432
378
68
277
220
20
288
433
126
331
109
378
123
150
233
202
466
146
256
212
214
330
299
304
119
98
304
8
226
97
72
167
26
91
98
131
157
10
464
105
58
103
61
444
311
64
185
77
121
307
470
269
184
177
46
44
293
108
205
187
231
107
135
485
130
107
258
138
321
99
60
444
396
81
306
487
309
353
497
1
381
23
139
338
245
228
287
335
464
201
390
9
36
157
348
454
180
160
17
429
84
356
209
66
118
178
280
394
95
352
147
311
82
270
484
294
260
247
136
154
154
123
342
429
110
195
213
220
220
137
238
147
410
