145
10000000
1446481
1157847
883988
4074354
1414955
282838
1293158
4783152
129030
4325882
2166948
73943
4962737
128790
4879216
2298853
3221502
1516786
3466757
108570
968971
3131
2386139
309481
1294993
4606954
778330
1121645
4564563
4884949
1384655
2036270
4874650
1092707
1321994
2653888
2458456
4510988
2590674
3817847
1736896
1861237
3020115
1399743
3815555
532208
476238
962291
4260625
832721
1545887
158920
4499631
2163531
1994390
1604256
3081819
3055428
587087
146151
4432754
1457803
2497076
613906
410102
3400831
1487991
334028
382121
4709085
100606
4083987
196238
1718563
4062515
3392625
2583675
4656845
3779937
823475
406100
200973
590658
1391982
1345210
134024
139586
2766549
771512
717306
3907010
964322
428886
1880078
2087998
4225732
1330531
1679571
1199841
2615116
1135469
4835260
1347081
4446360
1817368
750517
33594
1331082
1785957
3079275
1809158
1445434
3705992
4502579
4981198
4013202
90135
1833540
1112148
3656860
2015815
1815846
109774
2242129
2538486
4008426
1218127
2726909
3459754
2170905
1293691
526977
3460053
607430
1342334
4605705
1567585
1043445
2358364
2144304
164800
3277952
4317061
1351450
1520
