136
100
19
6
38
35
2
12
6
37
12
8
3
43
5
45
37
2
15
26
39
32
13
17
22
18
41
31
10
9
15
22
13
21
21
20
16
3
38
39
37
2
7
20
9
34
42
48
41
4
1
46
15
28
4
10
45
14
5
35
35
49
32
8
29
1
37
43
33
30
15
21
18
22
19
20
47
1
30
8
27
2
23
45
7
16
47
4
9
41
41
18
36
27
9
10
14
10
1
19
49
27
42
48
6
17
25
2
38
12
50
8
48
37
29
4
35
3
15
22
31
3
11
7
3
50
26
11
16
5
49
30
1
16
21
13
3
45
