144
100000000
27304365
40621146
48793695
3145981
30827049
12680391
6299163
20548711
4225424
27874775
9498079
3894571
9337014
5354363
26229356
26635111
14026758
26950471
13165278
890933
28338349
3236707
41079707
25708885
26561277
7654405
23897250
39709245
29541623
14371184
41016173
615884
45771958
33322173
4632666
17211209
17429549
7884971
14223208
21414567
32047254
19969177
18811199
1484900
12269434
8522144
11673745
35511798
10797605
38462021
22811952
22041178
3174920
16833027
49665121
16180940
1013260
49456169
22005960
4456457
26501316
36771177
17906892
15566272
13148260
25615906
16001649
19323241
15703626
39291875
23598650
3812691
25590399
13472792
6257596
4873058
19016629
34213124
1151287
35078202
18574057
42222696
13267289
16166192
40539080
8903466
6358536
28214134
41338524
22500249
40774382
2640355
27185088
28399696
22690931
6440211
14936167
46071481
31056757
31871781
6550433
49179951
5006554
16436
5172867
19584329
21948436
12855082
45756133
39228082
17172343
1197836
16463952
9819307
9413707
40304925
43126271
11305830
40460185
12183512
12469527
16594343
22328693
19456186
5176366
18283187
18189007
31178510
46808250
12370407
9639034
24488179
22601433
3916639
23365197
17586842
40084405
43275846
13355602
26720547
475103
25336233
22344667
35052027
