139
100000
16087
20185
6186
29908
7244
3150
11683
238
8794
2111
5106
27437
38653
49397
42107
8715
37669
33587
34095
45311
45540
1573
24729
28943
9391
6235
4910
38115
20670
40936
15414
5837
16662
12992
215
29750
25576
19209
34142
11355
15815
42527
5698
28221
44646
24833
21112
26468
22886
46564
33417
43386
38318
7852
1619
4707
33629
26959
35975
33606
14170
14271
18490
41314
17756
32028
34707
506
45388
11173
19897
6823
3059
16413
29452
41024
45153
18676
2587
308
13593
3129
49590
21638
42540
11660
23036
1667
2678
39941
9406
6092
2589
27229
32784
13217
1907
31428
28849
6135
9
4669
38938
5651
9285
18174
22879
18426
11021
36615
13262
25743
40590
28143
18197
33503
39198
13545
7112
11289
446
9509
36251
8084
36301
33001
3276
37245
4820
32314
36346
23390
35708
44855
8232
34662
15897
38281
24735
