139
100000000
47289395
47717090
23535643
15226606
45164706
22229125
41171131
26803800
21466317
4479545
1066524
6908313
31609156
8173591
23464480
14998005
16368512
23549839
37665017
21160338
44323585
13549834
5746921
7592874
24351299
12028636
4826731
20453333
47081861
35223082
43250660
46040509
11280685
17308176
12264969
8274055
761001
37429873
34381455
10198063
38281433
13757575
38821250
22249206
21139100
1022734
10293430
34211188
35409002
3535474
4899770
7571311
13629820
34953311
5126296
7116540
28026611
24770639
48500967
5567913
29907801
17510388
19883425
39486497
39086502
39132
13429415
2136310
32536003
49554024
36061858
9771655
46324897
6213484
22614474
6871853
12751432
41463255
31459819
26693354
5186928
22469005
10403853
35194429
1604153
7158468
29338507
1520600
1661614
17078254
12856420
30722537
30409423
3664475
22919242
48837613
10990199
22940739
19087210
48705163
20710741
30834453
21257573
26440560
6479934
28384987
38658826
1675298
13836188
18599886
29996785
9849536
2182474
42861069
6731069
5952973
29073519
23579445
13302004
44883215
28443936
15268772
19594812
46586362
38872169
42276506
31122572
2821638
26973078
5076241
39586843
22099858
32057029
9824454
3687407
13192840
17273373
7688941
419919
