154
1000
72
214
59
231
281
106
76
296
121
72
132
66
292
167
26
75
257
22
131
153
135
109
355
300
15
352
147
53
455
361
54
16
24
352
210
312
381
36
40
202
69
64
399
281
426
461
260
271
290
338
162
4
206
40
423
7
54
455
290
38
104
272
37
34
1
17
49
409
479
475
473
424
321
229
136
496
26
484
248
190
10
337
200
11
188
359
16
228
307
187
309
25
61
448
47
260
255
100
29
117
260
268
266
238
378
127
257
22
18
387
193
282
416
118
17
56
31
119
29
363
235
445
22
400
50
41
16
278
21
229
38
369
260
302
334
153
275
290
3
205
212
442
258
3
170
160
3
43
68
43
201
289
404
199
