128
1000000
203902
425634
139338
340608
50451
27593
371838
411899
270205
100031
378062
89635
346507
430146
195599
165130
78663
129152
270690
215655
296262
481209
86231
200155
434680
54138
422485
224553
363170
250323
51521
433447
439884
181543
11831
281542
207852
341003
304741
80990
48619
21537
135970
428428
374211
185902
357651
121786
60886
460067
19092
113890
91002
220788
126181
483053
80275
155812
86124
387093
297170
294741
323228
377360
28858
236720
402370
79348
405882
383554
354557
473764
237664
19073
135237
43488
185919
392452
423084
195360
401344
258010
170050
24832
317896
295523
14150
127861
40605
274674
485363
24243
306888
351068
358390
443465
86473
81242
42864
225660
370931
121034
7208
314849
17820
177402
231983
292523
100005
313724
236709
406459
212
163369
40038
150440
442673
303180
123088
352223
449789
235070
133769
398758
433048
88294
456740
271567
