141
1000000
69088
134382
488282
442862
12360
420711
14999
23577
372941
341236
251676
73550
339587
215612
148501
310991
33090
396483
296325
272920
172250
38107
147718
394324
330723
278027
202863
167626
433211
218119
344283
139087
322230
358275
96809
351023
159420
95165
79997
303724
113303
87698
237323
208812
173465
60404
332474
78573
267309
435934
412752
241464
152183
404480
49098
54860
62667
417079
406732
40
141172
268600
37454
438627
346587
157689
444884
35728
189487
432587
423536
127060
334212
97082
87430
79339
126827
12029
204900
163837
293251
152137
180410
329140
158174
207554
336187
434954
230835
124247
38491
210199
388659
3536
76974
326694
122788
72868
207165
498706
341592
368746
250420
5953
182058
148737
255077
66369
94796
163193
165269
266780
229908
81460
172861
298838
134644
224351
77271
277902
276804
22615
227879
51605
207007
363430
455187
269595
4625
281859
181123
165975
71467
436062
31610
46041
154827
63758
453665
23266
374535
