163
100000
8751
47546
6717
11324
491
10363
45779
4804
8289
12145
7524
5100
39761
29706
7689
4246
7132
27080
4684
26021
35140
7840
34764
24114
20375
25486
19758
6778
3857
30475
5705
16800
17514
23567
20217
49079
34530
45654
3185
22098
44426
21814
5885
9134
29976
23780
6341
21727
10573
3644
7999
46726
11229
41465
5570
14090
10328
20748
4894
26703
10603
1582
1250
9935
7199
37209
37911
41900
1261
1203
34485
2446
9348
4003
29018
5160
39558
5066
47417
20224
45737
4071
1700
44575
1807
49560
15225
30582
4430
17342
38262
3042
7582
7290
27292
3042
807
4217
23615
21605
20336
13417
21331
3490
21076
9727
6430
4299
11663
24196
10751
40348
39818
12297
31468
6171
12642
13632
21040
4822
30705
31619
3158
26016
31743
15055
27697
30569
14253
37479
12244
14254
6371
33862
30690
8773
15411
1858
35143
13087
38978
19967
45690
26976
40885
21619
1954
12255
538
39588
11200
571
7849
22566
11678
31096
8500
1340
14
44904
6192
383
28615
