163
1000
85
476
66
114
5
101
458
49
83
122
76
51
398
298
77
43
72
271
47
261
351
79
348
242
204
255
198
68
37
305
58
168
176
236
200
491
346
457
32
221
445
219
59
92
300
238
64
218
106
35
80
468
108
412
56
141
104
208
49
266
103
16
11
100
72
371
380
419
13
13
344
25
94
41
289
49
396
49
475
203
458
41
16
446
19
496
153
304
40
174
383
31
76
73
273
31
9
43
237
217
204
135
214
35
211
98
60
43
117
242
108
403
399
122
315
62
127
137
211
46
308
314
32
261
318
149
277
306
143
375
123
143
62
339
307
88
155
19
352
131
390
200
457
270
409
217
20
120
6
396
112
6
79
226
117
308
85
14
1
450
62
1
287
