135
1000000
135894
117995
149852
444269
106188
447705
119424
277138
87105
83638
376700
457397
316259
202201
347347
17531
370485
218406
133968
189012
144667
313711
201328
353108
167348
181871
248963
212388
290
357118
284833
293107
1144
333908
391977
445219
402701
165962
140700
109870
407628
159762
184496
186380
308175
325809
464740
297655
245718
142427
80850
189378
168384
152377
128211
5759
246989
155466
340244
371203
446982
257684
102803
238435
160767
160709
98126
240651
411399
328851
175414
138519
97351
292805
195002
318655
380248
348349
191301
157774
100654
126858
229922
312943
209810
10320
126172
377172
410591
151229
252027
45483
491127
19603
129241
110986
186829
213283
34002
137670
9516
98908
12638
354361
210761
279169
101490
162125
265674
222989
81825
26163
140439
360307
90269
125144
234164
497569
332528
176076
147566
1197
274645
256707
256188
263325
426151
240308
400401
279834
213260
472165
228716
62398
366899
