154
1000000
112107
330213
196392
128210
132695
453718
243961
255031
54636
14142
276750
157
130756
175334
408216
298217
257946
221903
336845
49448
153964
121955
11678
246080
221638
280611
419632
91677
37526
195351
107216
388328
3695
94948
131750
155345
95190
48115
30372
254207
90869
269107
491763
208825
319807
185300
93062
422988
239814
117919
423338
126437
111947
59993
206417
228229
379184
173003
87679
84548
77980
68368
329896
364943
8240
224491
455285
163898
440778
20617
307893
20305
325840
340793
64732
152772
108177
19891
271445
94004
67117
339298
300288
232843
322891
450661
56347
254507
41637
27760
476869
314750
358348
305606
23812
55591
474982
1680
161076
235455
184163
298149
230286
38576
78380
211287
191443
114583
7308
255489
194143
336396
216295
64685
188997
108546
297974
108730
147767
41174
230348
465854
265475
122923
151006
330145
69233
170042
249060
241616
66555
42529
152440
92000
288917
433097
379534
320748
6702
243733
74400
193858
463032
276349
349720
42350
85929
302173
90458
126925
77295
404091
20503
8539
