144
10000
415
2914
577
2773
1110
46
2366
3225
88
192
643
583
2895
775
1528
3399
1529
1067
149
2401
1820
1045
2934
110
3066
2101
160
567
474
1910
3183
3652
3219
4276
735
858
4857
2447
1155
3688
3657
2828
102
101
1781
2089
407
2319
2868
835
3019
3447
4296
2833
4781
3812
2192
2269
2253
1544
1759
456
1511
733
909
1091
1550
1492
1508
3393
4283
215
3935
141
3292
4922
2934
2814
1371
3447
938
14
656
703
3953
1273
2250
1363
1005
1346
4994
3566
164
3773
1760
3274
598
840
1801
1219
2419
613
116
3266
1043
2984
4183
764
1530
42
4300
3394
2616
4933
1581
812
2466
4976
1292
4117
3318
717
2746
2913
43
4927
4275
4106
32
348
4408
2726
182
56
4284
3515
4
2579
1915
3318
3281
2879
1385
2985
