146
100
14
11
9
36
19
41
29
19
47
25
15
6
16
10
15
29
16
8
21
10
1
9
9
33
2
4
2
15
14
6
18
20
6
1
34
25
1
36
47
24
40
40
22
14
17
3
43
40
11
28
10
6
1
31
5
28
28
32
1
1
28
45
8
14
19
45
14
19
19
10
9
5
6
45
6
7
47
37
5
1
40
11
18
5
25
14
50
46
49
9
5
36
15
49
20
13
40
35
3
4
19
16
15
23
16
35
49
11
24
27
12
8
15
17
9
15
32
13
1
27
16
27
48
43
10
50
45
1
21
15
10
15
12
31
8
24
31
1
36
10
49
8
49
11
34
31
