140
10000000
1575702
1084521
327205
1130290
2724599
4331586
2906176
1382730
2545368
1985631
2956843
4960582
2759849
876992
1840
481805
2543960
1096391
1769737
650407
102678
1232224
405866
122989
4116540
2955204
2498203
328739
1455409
2782782
3925396
2515030
994772
2298169
116361
159424
3054139
666456
2081183
1278075
1611750
899318
3442806
3814471
4670256
3124446
911381
1839584
200301
2567251
589524
998069
1025551
324027
707926
1055282
4634656
471820
2720106
4460864
4509779
273405
1809074
2666168
3652577
841107
2735739
3565346
3670957
2563485
3106866
1328612
2510539
3289559
276857
971578
1124195
1266435
1807605
4338881
595713
1860897
463792
848773
1055485
4747099
2116458
4528215
114224
3109204
1391588
222104
92629
2893786
3663904
1322231
854588
2340887
3670064
1786996
2488584
4038076
2556681
4001
2142828
4652831
1315929
2879309
949228
4872602
1838982
2199104
3911692
126273
4603108
2773329
4086843
2755001
2988857
4144769
3562881
1115455
2942704
619321
4537066
2593477
4427271
4035212
3849220
1379040
1957444
2979243
2038622
2358917
281610
1676454
1215649
3233792
2135044
2494908
