134
1000000
8824
33275
247288
91079
279940
342309
200300
283756
172564
238927
448324
89371
457279
49075
227336
28349
465832
209899
155369
35454
156714
166881
318395
203161
13793
43326
360025
289787
7888
57416
219565
26600
469268
85240
367681
237057
185768
247857
347691
70745
257313
89811
207257
137827
422513
87643
483774
308346
59757
121431
462310
206032
206295
76097
247467
186907
157814
81413
51843
375816
235814
369425
497130
115389
408780
122298
252042
255703
443304
385775
318275
391581
80689
437640
446700
34604
349495
161531
408217
141
53993
293256
101580
169823
487473
128449
242593
364780
382152
138568
414559
60406
363682
249474
355406
26293
196494
417454
270542
149702
285619
219565
490242
347711
12728
4954
14748
133193
91452
124867
99172
346804
171472
290602
484718
197508
400712
140045
147192
403038
392196
87743
120098
94968
227335
100896
193736
224154
90158
361909
23141
256127
334238
338673
