130
100
50
36
21
20
13
12
26
11
29
39
8
41
16
1
11
7
24
14
2
19
38
42
42
12
7
12
7
29
3
29
44
50
33
14
49
6
31
21
34
4
9
4
9
18
8
27
43
7
18
36
9
30
30
16
17
21
24
15
49
47
4
33
36
1
2
15
28
19
11
35
25
23
21
49
14
9
33
33
10
47
22
29
18
32
14
27
18
49
27
14
2
10
11
8
16
24
14
28
24
19
35
28
1
43
25
30
10
28
15
36
38
4
35
35
1
28
33
21
42
32
48
32
24
47
25
6
38
10
18
34
