153
1000
24
144
327
218
25
71
11
10
86
183
42
191
245
433
187
47
178
115
161
170
178
320
157
162
97
202
435
176
127
416
359
40
45
146
212
227
110
212
12
165
130
158
64
259
224
297
399
452
451
437
414
400
278
152
280
377
1
124
494
421
263
154
338
81
266
73
118
10
442
273
4
85
61
172
449
27
61
255
15
405
95
303
422
203
240
64
472
124
100
347
273
351
114
134
435
38
118
125
94
364
8
356
492
250
154
151
21
243
67
6
49
318
429
195
160
82
40
270
473
424
112
348
216
301
166
192
341
187
202
64
54
26
176
21
190
37
79
46
269
32
102
130
484
60
17
207
170
264
115
98
157
70
433
