154
10000000
712619
2139628
583112
2308505
2819092
1053788
750348
2956654
1209751
712686
1331537
654346
2914429
1660020
278337
758850
2566961
214928
1300785
1528405
1348755
1086318
3570961
3030339
147968
3516775
1499215
528639
4573379
3604876
557511
159232
253427
3518701
2094970
3112190
3801007
359946
394207
2029601
728461
632055
3985262
2809570
4257139
4601201
2619876
2703501
2904661
3375681
1638725
63707
2054681
392419
4226453
63015
537524
4544239
2891969
379079
1037356
2712297
364471
334666
666
182290
486308
4087103
4786834
4745169
4728713
4238178
3204487
2282689
1353978
4953920
254967
4836297
2477988
1895513
134620
3367082
1990861
138869
1873932
3580240
152057
2272422
3066199
1891780
3083879
244655
607201
4477896
467387
2592883
2540306
998306
321691
1186895
2597677
2674483
2652083
2370811
3774279
1268672
2560104
246882
192953
3864580
1924186
2817016
4150392
1178301
183762
559962
308543
1180712
285216
3628265
2362894
4442595
210827
3998793
518316
430620
157855
2778481
200106
2284485
376153
3688952
2590331
3016388
3339993
1523737
2740195
2899910
26866
2047698
2117800
4413052
2579084
28529
1693087
1627962
24517
428237
670838
424989
2025052
2884447
4035246
1988019
