133
1000
275
181
138
91
493
292
16
299
349
273
16
168
180
409
118
428
64
60
66
276
108
489
493
292
40
62
10
358
220
184
158
86
256
144
461
216
245
40
162
259
308
466
53
31
107
110
379
213
196
300
20
332
56
18
415
91
339
432
1
223
158
387
142
70
163
404
271
121
176
87
370
187
185
73
439
288
261
314
408
50
242
291
283
293
219
67
270
46
236
37
366
279
294
386
214
470
218
443
248
211
428
314
362
16
428
440
387
194
468
152
76
72
374
160
256
34
18
356
196
169
92
130
76
88
358
179
161
393
466
474
307
11
133
