139
100
30
16
33
28
36
7
16
17
26
32
9
44
37
28
29
14
6
7
19
23
44
19
20
7
1
3
23
21
33
31
8
37
30
24
5
14
50
8
49
28
27
9
26
41
4
36
50
25
6
9
25
17
14
19
36
5
34
5
28
11
3
25
4
23
5
15
6
31
48
7
28
20
41
3
39
30
19
16
1
12
46
38
1
19
6
12
35
9
22
40
24
42
12
44
29
3
49
23
3
3
14
12
46
10
24
6
22
7
45
6
28
27
11
13
27
25
16
43
3
38
50
21
12
43
9
1
10
17
23
3
21
8
15
29
9
44
38
22
27
