146
1000000
325851
298578
73351
183105
68099
315528
17802
229618
208330
195971
192769
185134
153624
115193
60947
25370
54077
119362
101538
378923
293860
39798
357992
16111
292347
484928
71638
16264
335270
91684
184191
392980
44943
113889
497937
361464
46877
327185
334472
448241
181895
437161
348264
181
429884
253647
334339
402790
95613
177059
127384
22798
487532
174654
36062
2391
318560
214705
497350
486963
255429
182254
461839
295159
80707
86857
22761
49388
142539
36419
295773
108009
212563
37463
189900
320548
322858
87337
82027
499828
160606
118155
14829
393260
148061
102178
171776
22595
455332
50688
17949
194298
40137
465043
98657
181515
300570
457707
468812
311382
393285
45403
116018
364958
146095
22875
105885
272330
75307
72499
67986
457576
354745
48954
30555
305296
5293
242610
35560
65149
179915
104027
366912
479499
151932
417683
196229
68991
66802
46463
433164
38888
303410
329666
210731
92778
37372
307022
208578
373739
337758
129380
112203
51950
407486
291362
