134
100
4
16
19
1
44
49
39
4
16
6
37
44
3
13
26
40
50
25
4
15
30
17
2
2
38
22
47
31
26
23
7
3
8
7
9
31
8
33
10
23
6
36
2
2
1
21
10
43
5
9
9
41
25
13
39
37
5
8
15
50
29
13
49
7
46
40
27
33
39
6
17
44
7
19
22
23
30
24
2
20
26
1
8
24
33
32
2
10
33
25
43
6
33
16
5
22
17
38
28
47
23
22
37
29
33
41
50
7
4
3
13
33
6
7
7
39
41
29
17
46
22
15
25
36
16
30
20
23
28
24
39
12
35
33
