144
100000000
4158955
29159645
5767631
27722315
11090650
451192
23656599
32242543
871022
1954201
6420485
5827295
28947270
7742529
15311843
33999115
15287506
10668500
1481869
24002976
18197152
10444026
29339304
1099710
30672733
21003023
1597524
5669772
4735198
19093333
31829910
36510967
32180505
42751458
7342615
8595235
48567650
24519151
11548464
36871499
36561661
28276824
1030384
1004895
17823771
20901831
4064830
23182923
28675794
8346513
30183912
34464381
42997740
28323982
47800282
38116427
21918149
22699424
22527216
15431570
17588005
4583913
15104962
7321002
9080491
10904603
15493935
14914050
15111184
33925129
42823338
2144959
39345745
1408705
32914406
49216583
29339050
28138926
13701771
34462453
9396475
159890
6553883
7029007
39527466
12755374
22512027
13629160
10059246
13495905
49933373
35658487
1633376
37724061
17619945
32738378
5976704
8391336
18002063
12180371
24211763
6122446
1153865
32656697
10425941
29843108
41821912
7631889
15291163
419965
42992868
33933940
26150256
49321646
15803008
8150813
24656353
49753033
12948285
41162634
33170171
7164369
27485036
29150329
448940
49269270
42742548
41052722
312797
3473720
44074943
27256955
1810238
552910
42836195
35147816
30132
25787293
19148459
33172662
32805433
28789980
13859231
29840650
