138
10000
204
1750
4975
3610
1813
1879
3464
3341
2207
188
4040
1542
216
698
4463
2568
3966
2978
413
3611
1926
1155
434
4980
2120
3159
3020
987
4731
903
450
667
2906
1926
3795
2526
4456
2383
2653
1306
107
996
987
2161
685
949
4085
1549
239
4916
2438
3082
3656
3201
4236
1660
1895
1189
462
398
4919
168
3812
907
2882
307
2144
2045
4746
673
4097
2
1063
2623
2622
2165
3305
2844
1227
3016
4977
3462
433
2400
2073
27
1418
2381
2089
1237
712
608
4962
2997
3058
361
2728
2809
183
3805
679
510
1147
92
4228
3269
3400
1382
2631
4773
2057
835
186
3347
2056
3188
2462
1754
1898
1581
531
3649
2551
2444
1913
2513
2913
1473
3231
749
2135
4330
596
3668
179
2202
1623
238
