137
10000000
3058524
3982191
1651963
2786374
4401001
115045
1346247
812061
969767
3479740
884898
1520199
1815501
1218620
4506535
2934862
109114
753304
4083768
1321011
2386808
3063963
3406155
2161176
1564343
3550623
3262844
2788526
430386
1683733
4223129
455466
2336116
748680
1494729
1384503
3117766
801597
2823042
3257008
3824397
2028762
712148
2608111
4940211
3535541
1932842
363631
1746823
4871747
1370142
1254956
501362
1214839
50749
3865023
3690207
4001705
4457537
2039541
2245781
561973
945217
3844522
4208342
2962162
577570
1452186
3603513
3170
2875850
1298646
60558
1693412
502317
2538069
793201
3678471
3170929
3272805
3100560
2634555
1026044
1826781
2256591
2435417
4073496
3142949
857662
4321861
3306388
2163876
3791860
2677463
1096882
4528553
3037211
4443926
772978
1640089
283339
1921108
1020156
3221982
1293463
885700
1559571
1746620
770732
1248890
4098246
96065
2788772
318342
868334
447537
2071107
2476936
1337271
811809
2218130
3348400
4705847
172425
3413277
2712287
1851087
4348064
4346332
1892713
4974320
684327
3229282
1884449
1426420
284014
117218
