144
10000000
2730437
4062115
4879370
314599
3082705
1268040
629917
2054872
422541
2787478
949808
389456
933702
535437
2622936
2663512
1402673
2695048
1316528
89094
2833835
323671
4107971
2570889
2656128
765439
2389725
3970925
2954160
1437117
4101615
61589
4577196
3332218
463264
1721121
1742955
788498
1422321
2141457
3204726
1996918
1881120
148490
1226944
852213
1167375
3551180
1079758
3846203
2281196
2204118
317491
1683303
4966513
1618091
101325
4945617
2200593
445646
2650131
3677118
1790690
1556628
1314825
2561591
1600165
1932325
1570363
3929188
2359865
381270
2559039
1347277
625760
487306
1901663
3421313
115129
3507821
1857404
4222270
1326729
1616620
4053908
890347
635854
2821412
4133853
2250025
4077439
264036
2718509
2839968
2269094
644022
1493616
4607149
3105675
3187179
655044
4917996
500654
1644
517287
1958433
2194844
1285509
4575614
3922809
1717235
119781
1646396
981931
941371
4030493
4312628
1130581
4046017
1218352
1246953
1659432
2232870
1945616
517637
1828319
1818901
3117851
4680825
1237041
963904
2448818
2260144
391664
2336520
1758685
4008437
4327585
1335561
2672055
47511
2533624
2234467
3505203
