153
1000000
26547
143979
329350
217957
24042
70454
10747
9807
85971
182662
41592
190581
244876
432374
187939
48386
177235
114087
160157
169996
179162
319080
156968
161245
96078
202198
434527
175452
126807
415579
359918
39071
47849
145789
211456
226480
109495
215006
11412
164008
129347
157683
63142
258206
223985
296345
398068
451306
450909
436264
413794
399323
277038
151632
279559
379478
267
123828
493319
420782
262423
157378
337988
80043
265221
72298
117700
9712
441951
272637
6126
84919
60834
171295
448325
26785
60823
256552
16313
404477
94105
303825
421515
202856
244217
63693
471321
123417
99517
346833
272139
350273
113794
133867
434519
37154
121227
128675
93672
365331
7469
355851
491196
249573
153779
150461
20403
242881
68547
8893
48914
317696
428626
194524
159964
81401
39502
269675
472285
423402
111362
347120
215010
300139
165772
193681
340481
186955
202833
64631
53927
25206
177965
20314
192494
36133
81948
45832
268336
31634
101987
132404
483901
59188
16123
206556
171662
264381
114099
97862
156788
69794
432096
