136
100000000
14031590
40477206
26507769
21268102
25759349
26241859
5628159
33559650
19275771
48048856
16057962
7112093
16167878
23434395
790069
29891179
13070415
6709580
13111556
30557294
5357676
28927915
7381817
9727322
36166167
2474668
15920461
27194851
13952026
13842009
26814180
39344058
3847187
46873556
15582515
43895190
37215412
36922679
41920047
4891226
25377927
42455672
31870839
31038472
37080782
39453290
35219
21997106
11927726
19984952
13590312
35316339
24775664
48741895
28448240
6833827
9731661
14504086
5574498
39889505
44188168
10011122
25370429
1971804
21404656
18953852
35408047
12854746
40577358
6118032
42635331
9668235
35646665
12178489
8318667
25075235
39328224
13925594
25177852
10825772
20172229
12368481
22539474
9456515
20537848
394893
49226501
16692407
14353994
11700773
49123420
23313837
21218486
22895083
28639667
13851326
49376953
7701604
34641838
11674986
4363468
36964227
36797878
4475936
19025435
6917021
41739897
40006213
39611022
9380454
42356232
21476288
7751008
27086474
20943309
47560456
13010315
3181927
39178257
975353
14330675
20938916
14939125
20353027
11821812
14412666
17316930
8298027
33863272
5024286
40101258
13498205
22174807
14345595
41457980
223950
