135
10000000
2364503
2865395
177143
4206796
2987009
1692898
2178789
1115673
201328
1568702
4992180
1280214
1338864
1211672
3938478
3565012
3260347
2700026
1636369
1441320
1884088
554695
4307027
1462656
3014864
134349
116468
4244603
2311581
4966956
2239251
2462002
1814894
769036
1905563
643037
4687710
4865723
2969101
567457
17719
934970
1507223
332512
2960958
1545470
3924977
75208
1684555
1937389
3137609
1170282
1667580
3244707
2473330
1225776
3625314
4570351
4370223
3721366
2289062
1269836
2591651
4711223
10597
3094355
4066318
3226213
583053
422788
3810318
944548
1602246
4322336
569925
1357144
607785
184252
2749540
2445103
3233500
3855571
2645543
806508
771710
1864252
2518383
1688138
4882658
3297104
3717993
2232300
3563662
106496
742135
2393889
2285288
634008
616259
2828280
355830
1488
4781180
1525348
3904301
3614415
4887022
476636
157711
1290797
3828721
2522004
2737020
1518545
3715721
3528226
2883416
794894
4018258
736497
3786192
419072
370932
1185986
4240122
859351
2288164
766095
4866069
486816
585259
2305477
1980557
4455781
3812829
