138
10000
3197
2129
1773
2116
606
1583
3501
2388
1516
826
150
4391
3604
407
1762
1354
930
2
2033
1510
4744
3177
1617
3070
3477
1932
1647
3477
2181
2295
631
1762
1486
1408
4355
4436
2479
1136
1160
2094
4958
2388
3774
3400
1924
2407
620
4957
1918
1184
3280
2218
2780
3974
3748
1020
4421
1358
2864
43
2956
2715
1361
4989
3111
122
803
1860
1352
2174
2113
1925
405
1116
1040
1569
35
1756
1687
2008
3676
680
3325
3028
2143
2328
2805
560
4512
1816
3366
1234
296
1966
1704
2758
3351
3165
2894
2070
748
2416
2029
271
2560
1706
1184
432
4208
520
4312
250
115
4321
199
3106
4292
2151
2897
2537
2343
609
2949
4494
851
753
3169
930
2369
2466
1391
217
4927
2007
2942
2085
2284
2608
