140
1000
188
43
77
291
85
330
209
32
262
180
11
135
333
2
232
9
458
59
497
17
33
199
78
78
15
14
189
336
209
138
136
50
135
3
180
208
409
256
407
115
3
142
137
407
469
55
43
58
290
311
101
71
343
310
119
383
215
438
378
374
117
425
223
177
65
144
373
123
284
499
295
83
412
136
133
96
333
413
93
253
87
308
153
61
184
313
193
406
78
320
392
5
276
440
421
54
33
298
219
423
111
458
190
252
21
216
66
385
395
96
77
345
165
304
351
78
295
330
132
221
112
224
211
242
189
408
239
424
53
355
112
209
423
1
391
189
274
270
317
243
