151
100
28
26
9
32
16
9
20
12
33
4
44
49
19
31
27
25
10
17
4
22
2
3
42
15
22
40
6
7
36
16
19
26
17
20
3
22
14
40
45
43
7
16
1
12
8
27
42
13
4
2
28
3
29
29
8
16
4
5
41
48
12
27
35
23
43
46
41
22
41
28
35
7
34
10
3
21
6
35
3
50
23
16
48
29
47
9
7
32
17
17
34
29
9
9
41
4
12
5
1
40
11
33
17
9
10
15
24
7
22
18
16
7
5
20
13
43
20
7
27
6
25
1
1
3
42
2
4
39
9
4
12
18
16
9
13
16
30
12
11
18
2
17
49
19
44
11
44
13
10
1
6
