138
100000
44468
3004
9846
8837
38761
33873
49337
5992
30889
38517
21701
4646
47615
16682
19225
18791
42488
8844
43921
24496
20211
8188
35
8405
18783
37005
18955
16484
4975
6997
19160
32388
35433
41226
3672
42397
38905
13228
6603
32632
33610
28767
22578
7115
2118
30766
20370
3588
24664
39388
18061
46208
28473
34642
27244
516
663
1580
14581
13199
2759
27737
5412
47924
44106
30681
15624
30586
2838
20127
3745
30398
2978
36939
19059
22319
13735
16609
13755
40312
5608
3112
37410
3058
21685
23498
15282
23222
45942
900
911
29193
26749
48861
42712
28095
10565
36602
40169
1608
23880
45437
28207
19992
14138
29154
8983
358
49688
11475
9718
20163
18256
13156
18487
29204
45147
2647
29706
14766
2020
22891
3672
6248
38655
40620
36107
49225
8105
26058
19818
20797
13421
7491
30474
4794
6973
41498
