146
100000000
32585064
29857775
7335071
18310445
6810210
31552740
1780117
22961761
20833069
19597275
19276858
18513564
15362639
11519249
6095297
2536913
5407616
11936189
10153720
37892242
29385987
3979791
35799144
1611326
29234635
48492722
7163789
1626319
33526941
9168382
18419006
39297954
4494384
11388849
49793661
36146376
4687843
32718421
33447193
44824017
18189437
43716092
34826396
18001
42988335
25364647
33433998
40278943
9561240
17705829
12738368
2279974
48753122
17465302
3606129
239301
31855997
21470458
49734978
48696208
25542851
18225398
46183849
29515855
8071037
8685659
2276372
4938721
14253894
3641886
29577239
10801001
21256457
3746233
18989981
32054779
32285733
8733755
8202618
49982703
16060591
11815469
1482804
39325908
14806065
10217742
17177531
2259767
45533173
5068707
1794851
19429727
4013614
46504274
9865659
18151560
30057094
45770638
46881198
31138477
39328485
4540212
11601724
36495713
14609460
2287699
10588455
27232924
7530786
7249804
6798521
45757589
35474471
4895304
3055492
30529516
529234
24261091
3555948
6515104
17991642
10402658
36691109
47949862
15193163
41768276
19622873
6899083
6680433
4646279
43316383
3889042
30340935
32966561
21073098
9277775
3737147
30702113
20857905
37373819
33775765
12937990
11220297
5195369
40748593
29136119
