139
10000000
906015
4575132
958159
541451
2654152
134196
506681
1098404
1598411
3248
994097
776813
1818694
4094967
1766668
4634887
2760990
152298
3258683
394151
671328
431034
4850619
4127314
3101125
4153363
784854
4523516
10676
2398671
449971
2745018
214427
2987840
71803
1671768
1260519
1908009
4185708
2639734
3576209
1094667
4697774
3111696
1046923
4086339
4562984
1796685
557795
1082348
1153661
1159260
4446440
2981150
2389050
2200211
3291879
438223
4117496
2517089
1775875
3256680
339805
1028419
3793791
4226916
4988948
312137
1131146
2545006
4588183
1585097
325
1904714
1824369
2527359
2833142
3917993
4656055
2521138
2535250
2321363
3095333
380209
3322164
2642672
16931
4825581
4261165
1376370
2681334
4234239
3175480
3910352
164642
2687756
1303522
2998377
3757469
1280515
3165430
1839617
708950
300141
2530609
1474716
2793445
605867
4720493
2186579
1487629
1217204
1778908
1110734
1728858
2758679
3194748
1045980
2123560
322560
2153459
2128409
1312187
113103
4005998
3340164
485180
174076
1244835
1013520
1931705
3717309
72046
2026631
1226197
4425307
2758369
2392529
533174
