153
10000000
1109563
2355544
3015677
4239903
792266
2744970
2466
2443563
2247667
4898947
4819055
2943085
3580862
790214
2021238
875038
210790
4951322
3087496
3182884
2016728
3269304
411933
2393972
762450
4474792
2133482
3593172
2203329
134971
938640
4834941
2307089
169568
3964937
3882084
4673229
571904
495377
242478
323191
1508082
527643
944875
1332556
116244
3456387
502378
1827527
1665988
903640
2133023
1169617
2761731
1531632
3972144
485506
1333405
1863420
4490094
1448677
1870430
953781
75852
1173227
24955
2383686
4402059
1855561
2176777
1484192
3252976
81682
4503341
803155
437650
884213
1200779
1072661
4428263
2467844
602656
1412056
1039798
3466032
1434404
92383
2564303
3230959
693319
890215
471898
228352
775930
984474
1445856
1754085
483989
760761
3351700
1865794
133640
1055305
1400553
4281149
3924712
712186
3835520
2280768
3497847
1595655
3504780
776455
3421793
1408686
1472897
1491377
398487
3968941
1300435
3306177
3978368
1667743
1542571
1084588
2614433
582307
1004777
4643994
1208801
4741106
849304
2449769
2722735
124005
191088
1751062
71266
2418426
2818955
186034
3661957
3682746
1840416
2638027
1681217
1288304
1356333
4829232
569804
326770
1574036
4965725
