138
1000000
71047
135455
140741
480107
195336
52339
340748
434976
478009
265149
254915
26906
55074
294937
61409
163500
205794
301231
387470
208023
37635
287308
198328
163145
18634
28088
71926
22040
147930
305235
23635
248167
353553
469565
20800
423508
269852
478805
160949
152536
98666
152284
176691
323662
484426
461057
171678
204405
36580
441274
291197
80717
424160
277038
421857
416782
331730
276221
120027
259
204234
136845
353668
7243
79293
494738
113
149256
240509
59190
140880
98987
125342
449844
81319
254041
155569
72760
398635
438033
438596
372087
83242
122658
79326
140953
219025
3868
193658
152156
227979
364609
494186
34842
108621
274933
52473
6749
66329
346557
98161
394337
213608
479389
129971
195431
499429
2682
35989
416751
23335
155976
424047
167662
83504
304100
481664
229593
450611
294328
491455
128209
137058
360743
17937
193193
117922
482111
56177
139290
51630
192747
40588
377073
402536
85429
143700
152772
