144
100000000
36777611
43056611
14098125
40564295
4952888
4006016
2354694
11961644
17539839
21109697
4583906
5655621
36791670
1869534
39217266
20511086
13008131
7875713
21690420
20041422
2459765
22612155
43405116
40421485
27831749
18856113
45691663
13886852
27580783
46503884
1269685
18190222
16975460
12386401
49932120
49454824
11790516
40195572
33529071
5468096
42693108
29117033
12583657
5537127
9777129
1133607
36284881
39590909
18683176
24427007
18227605
5129284
36784
9584858
19432367
49771666
1620483
28870755
23051526
27694666
4402106
49898147
6574780
11082763
529777
35739916
27654583
17986346
36152087
907356
34652340
2284462
36181476
30761520
42700863
4674866
18984547
28507904
15791180
32583842
45339296
21306917
5196978
1345015
5632238
4782675
2327205
24205600
4169367
14158517
4491975
23419123
23972946
26318567
24648572
22605783
40741312
8117308
12184080
44941978
38545403
6544087
22309085
46493815
12882460
29108176
39812751
36779622
9608095
210772
9436393
5100006
21927884
13329108
46015929
11914254
23401270
23278078
12137302
10255218
2525457
12488920
28233838
5352646
33461801
8854065
14645812
26565255
3323346
32234987
32330787
14675825
26444606
879184
11308012
38140209
41623650
26289405
7586179
25328686
35394724
8123505
21215501
26572230
