149
10000
268
682
381
2959
1830
3947
67
3805
594
2279
2470
2849
797
3445
3149
1392
1035
4908
4318
428
4891
1025
3061
2770
2411
370
2138
2580
3235
4813
4358
196
146
2445
839
899
721
268
2410
1928
2386
1928
759
3107
603
1911
452
1231
3928
120
2004
65
4546
77
2840
1976
4733
3400
1376
2656
1979
156
1042
863
268
1866
3034
322
3261
3312
743
2309
1125
3611
2763
562
3677
1558
1169
422
547
962
4552
1404
2033
1575
2530
1871
4888
1937
392
1684
2305
1908
120
3949
1303
597
2193
1
1711
2168
3121
3197
774
4961
453
2279
895
3966
1113
1432
2399
1001
444
2106
1864
1511
3
541
4085
504
574
4273
3520
2598
263
3935
2914
1820
1522
2723
3161
4089
1791
4617
3252
2747
3322
4818
1724
4600
229
1101
234
2518
224
684
2221
