136
1000
184
51
375
347
152
4
52
365
114
75
22
426
60
449
361
448
149
259
388
317
17
162
219
211
406
310
91
84
157
216
130
222
209
196
158
40
375
381
362
12
70
206
90
340
417
474
410
183
33
456
167
280
63
93
450
136
41
343
356
489
315
79
281
7
362
422
326
312
143
227
174
214
181
197
468
1
19
89
265
15
248
444
65
188
470
35
85
402
406
178
360
262
82
96
167
93
29
371
130
261
419
471
59
178
242
16
375
112
494
74
474
361
312
55
343
22
372
158
303
28
124
62
23
491
209
124
156
46
490
291
10
152
209
149
27
447
