141
100
10
14
8
15
11
34
17
45
9
14
48
11
14
31
40
39
38
32
31
39
40
26
10
20
47
10
14
23
42
4
8
7
5
11
31
2
4
28
16
49
27
5
1
24
29
4
43
17
26
15
19
45
43
19
42
5
1
50
30
27
8
17
3
50
47
42
11
20
1
10
14
9
4
4
24
7
27
31
50
38
1
5
23
3
3
14
5
10
37
11
48
24
19
45
12
1
8
48
8
44
17
49
5
9
27
9
11
12
17
14
28
24
19
43
30
16
43
12
45
23
1
1
11
10
2
48
8
34
35
37
28
22
49
15
37
12
4
25
3
4
6
