151
1000000
495781
20300
374949
190559
238059
133337
331348
77012
4484
28348
457043
86889
258291
52222
56727
380022
148244
135880
38262
341546
445468
72665
37399
234492
220
441226
332928
77694
176119
254006
171402
187027
356310
525
255981
125980
309731
464596
301653
292183
59420
11409
19799
376490
187484
40884
23042
157685
235639
197392
8213
130858
302812
185773
468020
402352
228688
309770
28688
425506
77110
417089
37188
170828
111389
20404
126642
41628
219520
261125
444888
11880
250102
32543
93964
452195
156950
208067
40522
213880
211994
151964
317567
178885
12704
310920
43659
249047
29457
79927
452047
242521
59540
10231
276749
189608
35054
130925
322400
493176
215550
62298
417183
335739
317250
6335
178408
47730
75017
371664
44512
457827
256628
183059
195802
427109
348684
53802
179494
109898
491346
114287
51181
456175
127216
304160
131050
46811
70259
58925
229636
271800
209382
154382
83989
391108
65086
484821
134377
188469
41947
317164
65728
162202
110293
496926
72092
342204
147982
269355
252537
