142
100000000
43728877
43861655
1533918
3883572
3740815
44294259
32010487
1233320
45179176
33116816
14172606
32865535
5095377
38219124
2240312
11558681
26095997
41035022
2162256
24835527
36845422
9604965
36462167
28682538
2130158
22644185
3586772
9272558
24388598
41658251
8763051
19720246
18516402
2212294
20456029
41147998
29033814
11271419
8086161
48773989
12131
18972846
22919156
31406962
7800450
36064957
17701545
16739606
30388659
13948187
9853791
18741260
14668346
37996287
28412882
10642273
25367534
4649382
12913797
6086632
21188250
12794966
220369
24598601
4341492
40926922
12377409
36295201
32910273
8518929
14706839
45574239
10301085
43817048
26407942
28676156
47103261
10997288
4101944
252544
38066906
24798839
15581740
974273
33019343
23066136
14311067
12516291
43874708
11932189
22700449
45420330
16226053
27630175
27088063
11452062
10624109
3492006
10139266
47639660
36107948
23157113
30809178
5161400
40281546
16274940
25789218
17441772
30589781
24594937
10907705
12663119
29295274
25611630
2909430
18550373
40635988
34463404
21108461
26105603
20123622
9853609
27286932
26928289
16417036
32821163
42545581
19891029
12523987
21861748
13574392
10690964
14497705
6860718
6802141
17105717
26437679
6434370
25485237
1880889
45783055
15663862
