133
100000000
18084542
13522323
46891458
14889893
10722192
2195398
15591767
40039140
20412459
946058
59352
10957508
48496937
4688554
2852677
37551240
11414223
41959779
18001081
20603803
44733089
24090931
10350642
3097333
30892325
4430688
49376073
13431394
36610871
34606864
35807513
627082
12290952
49561184
43250440
7869362
18440253
26942228
2520573
907191
8035540
25393589
25037853
524450
49821541
35034349
39221610
26370510
21500202
29679148
3729698
7303103
47593917
29843725
30723673
28505484
13463237
34655656
38004216
43444042
27769050
43064276
12681566
34863887
7607762
8315747
15963538
41667712
1930354
16867022
40798647
11293977
23356510
1765424
46264298
1941393
35558293
12327338
42797074
33486052
43003573
28873410
25417436
24967507
1029390
20765494
41594162
31746778
11036697
11391053
10135880
2855541
6816291
23679531
16568717
35395346
30720768
25331279
23937968
13228504
19923828
29024027
31458790
23897087
22198041
624593
44934453
14422552
8920261
28217282
9663983
14053004
39566801
43764332
45579172
35671896
16171571
394583
826124
13648185
25567691
44804892
4132181
9220105
38104824
18019393
17432713
34336104
13654093
1599883
44541211
49172575
35610
