145
10000000
371634
3319530
474140
2595040
911414
824912
1395928
4113385
2945878
4791571
4544036
1332331
1259678
52672
4445469
1097199
2088041
1482689
2376445
1622648
1155987
4760311
1344816
3735899
3498312
619345
4289604
4952161
50624
2762431
2221245
1006751
4765086
617606
407869
212129
1313130
1163712
412139
687756
1456937
1571665
1746763
2609613
2334075
1123248
899881
334953
2453192
1369190
4287979
3924219
4490416
1692993
3711690
992634
2309456
1608228
1923146
3624232
2293987
24696
2454788
1539443
1812991
721719
1115994
2311216
242645
3297760
1031814
955215
4329275
867355
261861
1317602
1375155
4259901
2611884
4239355
1930548
357179
375211
1200180
1896550
3982111
3454279
1061365
2348
16365
2124723
1973242
824566
3127394
2589468
4948434
3659416
481830
709883
974067
455573
4461337
437415
3016866
1843842
138594
1191193
25196
4412991
1805765
2779494
4145233
3850068
3825455
2623600
261124
3193006
3672698
245793
4799808
100016
3078634
3165173
4837364
1038491
1536591
1761554
3091228
1681597
2297101
1336928
3096250
4843353
1315473
100518
399705
795182
4403865
3169299
304575
744412
1356869
4111666
3512783
1496444
