136
100000
31718
27143
11662
35667
26584
27311
10528
45003
27869
11001
1050
2787
8278
39737
10447
28032
21424
25653
6835
40691
40371
3
46039
30843
18613
11759
7679
6142
29343
39714
21198
2866
45325
4514
33791
3802
31757
45417
9407
33969
28265
19295
31619
32188
46979
18274
31796
37603
14180
11139
16629
19572
7213
13675
6890
16466
23395
21073
18712
12101
24469
13314
45449
5158
36464
46218
5554
35036
34426
14882
13772
45389
28968
34226
18223
17207
19200
20121
34196
10349
18571
11903
5919
20341
2744
25743
14744
29251
10712
44229
19761
34377
12415
22892
26636
44540
18698
23874
14462
3895
11569
22354
40960
35412
46094
38472
2932
28872
27834
17530
25441
34450
3887
8847
12557
44262
16326
16770
525
45650
44714
16613
3186
25813
17684
7629
18910
31847
149
2618
26994
2695
24708
35396
80
22856
