141
10000000
2060404
1199555
302822
1973891
891639
3163193
3257593
626827
454952
2492401
14999
4227879
4551605
3741464
890410
3810991
237323
1917511
2597082
172861
79339
1436062
2663837
751676
25401
652137
2973969
657689
4652183
4154827
4569088
40
1873313
662855
2267041
1929074
1555939
3396483
1641172
368746
235224
1303724
4546041
3778027
3766780
3269595
2098521
1938627
768600
1235195
1587698
3782053
38491
802958
2124791
2079997
3300760
4207554
459825
2293251
1385410
4670080
4704900
4423536
4139087
1826694
1595165
3485616
2419071
2581460
3627060
134382
2025359
267309
4210199
2322230
2339587
453665
3147718
2722450
2935934
1165975
363430
2522615
4341236
3851023
1312265
2388659
3355747
1375650
1920711
1330723
87816
2858275
832537
2402933
2634644
3394324
2469884
1372941
2772920
2182058
1374535
1531610
308481
3406732
2071467
3549098
2944884
607156
1063758
1917079
2511046
1413582
2076974
1750024
3124247
2672250
904480
1796325
250420
1755077
1705837
638160
4912752
2030856
4997290
798838
2955568
1188873
334212
1346587
4738822
165269
1363550
4434954
4488282
2087430
737666
2612197
2566369
