139
10000
907
4576
957
542
2655
135
507
1099
1596
4
995
776
1818
4095
1767
4635
2761
153
3259
391
672
432
4851
4128
3102
4154
785
4524
11
2399
450
2746
210
2987
72
1670
1261
1909
4186
2640
3577
1093
4698
3111
1044
4087
4563
1797
558
1083
1154
1160
4447
2982
2390
2200
3292
437
4118
2514
1776
3257
340
1029
3794
4227
4989
313
1132
2546
4589
1586
1
1905
1822
2528
2832
3918
4657
2522
2534
2322
3096
381
3323
2643
14
4826
4262
1377
2678
4235
3173
3911
165
2687
1304
2999
3758
1281
3166
1838
709
298
2528
1475
2794
606
4719
2187
1486
1218
1779
1111
1729
2759
3195
1046
2124
323
2154
2129
1313
114
4006
3339
484
171
1245
1014
1932
3718
71
2027
1227
4426
2759
2393
534
