134
100000
11885
19267
49836
11104
22431
20960
29363
47677
18288
11159
31178
18407
32253
49385
20629
19501
120
10207
35706
38582
16954
17
9568
19834
17045
23274
42970
3780
32635
35757
17953
1459
46246
39459
1266
19056
48441
23377
24941
12709
44944
19556
7379
8293
21151
15101
37963
20217
15559
14743
17335
3900
10917
18448
22766
45988
22495
32525
19555
43964
12404
34647
28957
10008
42805
12975
14463
21404
44652
21180
22341
5144
32287
11
6907
21000
42732
11704
7012
33418
40858
9107
48496
3088
16601
3799
25242
21126
4523
25562
32094
15110
3154
45436
11548
48219
14176
16460
7959
43036
26577
7092
31971
113
38349
3965
21052
28734
21669
39969
6331
920
31465
21073
35008
43152
48553
44785
17256
1525
6965
6320
35555
95
41969
5880
44992
44492
456
26705
12245
35165
7698
22781
