145
1000000
37164
331953
47414
259504
91140
82492
139593
411339
294588
479158
454404
133234
125967
5268
444547
109720
208803
148267
237645
162265
115599
476032
134482
373590
349832
61932
428961
495217
5063
276244
222125
100676
476509
61761
40787
21213
131311
116372
41214
68776
145690
157167
174676
260962
233408
112324
89989
33496
245320
136919
428798
392422
449042
169300
371168
99264
230946
160823
192315
362424
229399
2470
245479
153943
181300
72172
111600
231122
24265
329772
103182
95522
432928
86736
26187
131761
137516
425991
261189
423936
193054
35718
37522
120017
189655
398212
345428
106137
235
1633
212473
197325
82457
312737
258947
494844
365942
48182
70989
97405
45558
446134
43737
301683
184385
13857
119120
2520
441300
180577
277950
414524
385007
382546
262360
26110
319301
367270
24580
479981
10000
307864
316516
483737
103850
153660
176154
309121
168160
229711
133691
309625
484336
131546
10052
39969
79519
440387
316930
30458
74442
135687
411167
351277
149645
