149
10000000
621794
1402160
256885
70620
2131812
1075159
1066854
3451048
1955784
4720102
4278403
2620916
2105738
1848066
101245
2680310
964055
673023
1182619
2994916
4186137
551287
1968351
1593739
19978
814626
1836772
1164042
3542136
2044771
3202536
1177256
1143093
550323
4163812
733964
1833791
556102
1458924
3743285
2737252
2679358
632481
2778649
2884674
740719
130487
1093412
3806015
1567505
1003997
3023448
884795
2112431
4585214
1996
1409555
3428708
2770991
73550
3629251
925627
3675905
2916597
4046264
3534901
1817266
229547
1654451
3077957
322224
3110503
189044
3902354
4541042
3119137
2714534
675344
1418882
202609
855646
3803602
85586
4318929
2251042
1403019
4508889
502593
1963038
813254
3270154
4049164
127042
3433686
1853455
1821601
1612570
3346689
3220584
686539
764899
2771416
533572
546875
473565
1585915
2984750
834593
772558
1353400
3869961
3112067
771977
2700881
2801420
4336570
443904
3616994
1925514
4613461
1896164
34987
3552325
1079836
456169
2459337
4366839
3239155
725298
600318
1322835
2037067
4861760
2866850
1185854
477696
1274965
1128457
3815889
655860
3258952
1679884
2451175
2103451
4235507
463690
3335441
723791
2433964
