145
10000
1975
4879
1999
4344
2358
531
449
733
1096
2209
3219
3605
960
604
1086
866
4506
4022
2314
523
900
2517
1554
674
681
924
487
1786
30
1019
57
1478
2293
1693
3082
3669
616
4472
1803
524
2647
976
2194
4942
3692
4374
2156
2155
4007
3321
2737
1259
2364
4283
513
2826
256
1
4957
435
2119
4367
2679
2977
3521
1439
1631
4846
1350
777
2167
3879
2122
822
1259
4193
2766
4492
1429
1062
3607
1813
679
240
1366
4508
77
348
131
2782
1226
4460
32
997
221
1546
2380
3033
3692
1320
1968
2021
3655
612
3932
2151
1292
479
307
364
2967
279
2985
4310
1853
2321
2573
1771
2694
2298
2434
2939
815
2259
4764
732
1604
3798
2937
362
3144
1817
1304
1270
1346
2377
2645
2165
3742
404
2177
2622
269
3333
922
