144
10000000
1748701
866308
866633
850038
1388803
3873552
35781
1322126
2722260
926359
3893659
779947
385830
722196
521933
2650908
1212882
4565811
549405
3011349
1543164
4076485
1574373
4548551
25124
2848748
4757240
4591160
157484
2487774
2459357
576696
85952
2257236
1702800
2387618
379774
3347401
3002293
502224
2590697
3497568
3395449
4302888
3435439
725024
1353866
1982182
1287701
3932964
926037
486232
5088
2482082
1829642
2309334
2239750
1501276
4700891
903959
2735181
4937809
1068473
28396
735362
1397130
4932809
2098979
1583076
3808776
3166904
1133872
3053
2537872
888418
1337541
2213668
467735
1473469
4530230
4532104
3620088
3892497
611542
4422848
1763929
2938234
1345166
481754
2089378
200449
3464332
142358
3616382
1356888
4547805
3796358
33737
2841358
137581
275767
1299738
1990563
1899850
711501
2071935
236556
90
1601484
4788573
534298
2127561
4815438
946003
176744
2003901
1315389
3511161
1146655
4774508
380928
1504581
3762140
113342
1169845
1820988
2457751
2890965
1895947
2973091
7277
1896995
4092245
3840420
3194612
4686076
4950792
1405555
394083
4899003
2609443
1834134
3483124
501403
