141
100000000
41258448
41451742
28031773
17450666
2737978
24966231
45189691
12898285
22652858
38517630
15765412
35975336
38797235
47668880
1529872
31478872
2291850
9614392
14059848
30955447
32958388
12044685
4889993
3040508
15152104
41524502
9003226
6423751
15119557
9594838
49058934
19118283
24902480
19852098
17658399
18231116
44811698
49102886
20055444
15361130
7036697
14379572
20345842
43989104
44421382
36851953
22195568
14266023
3122664
9365567
9819949
29885031
11460758
14791352
13055402
42131144
2565090
16809127
37421622
631109
42024747
1817576
2183182
17218950
8115687
609899
38815386
30171170
47117048
10837227
36196847
17183874
37720709
34391915
4097409
12549297
45927545
19448448
33490400
10407095
44839412
11407173
43464512
4730269
1811237
33462667
10426609
33654
39430091
20860519
20770334
27913793
41788405
29788720
8051268
14831514
15568051
27852408
33102201
8064271
2224250
20974546
4240653
26569045
15146312
21454893
15420008
31461033
20490886
9922033
10357796
21841647
12267209
25386275
18495750
30825821
24969159
22430065
17121024
344627
11879552
24099746
16090819
3852350
24511328
35942352
11189214
38654461
15793744
23252862
7439724
32099414
15612490
21603513
38633598
11851538
48660076
28547873
10995902
12206543
876928
