145
1000
38
332
48
260
90
83
140
412
295
480
139
80
123
6
445
110
207
380
238
163
116
297
135
374
183
387
429
474
6
277
223
101
477
62
41
22
430
117
42
69
142
158
174
261
234
111
90
34
23
137
29
12
450
170
63
100
231
161
193
363
230
3
29
153
180
73
112
232
25
326
104
96
293
87
27
132
138
426
262
424
434
36
38
119
190
125
333
107
1
93
213
198
83
462
259
495
366
47
71
95
46
447
492
299
185
307
120
3
61
181
278
415
386
383
263
222
64
368
25
480
496
308
335
61
104
154
413
313
169
230
294
310
485
489
11
248
80
441
197
31
75
136
412
449
150
