140
10000
3921
1456
1972
2515
1287
650
4815
4908
918
2163
360
4871
57
1733
1811
3301
875
3169
3496
1425
1846
2890
3004
1155
4783
2492
2204
275
2964
2656
225
585
2458
3179
4976
946
2693
1179
434
2698
3
2518
426
1598
1314
1664
3545
1921
2438
4249
979
4767
4198
2863
4967
919
1905
2266
2396
1521
3769
234
1487
4095
4502
1296
1729
474
2934
4174
1410
4316
749
167
1242
1980
3629
1446
1470
2344
1634
2744
1663
1367
4437
7
3253
2296
2501
3607
3035
4775
677
2638
3095
43
1502
1244
3272
607
3144
2937
1002
3536
1033
4733
3531
101
1473
3158
2
3292
241
2219
1436
268
1742
2752
122
89
2047
190
1811
3564
567
2212
1326
2761
1783
3382
2379
788
2567
2454
3195
4006
635
356
1007
2513
