145
10000
1445
1158
884
4075
1415
283
1294
4784
128
4326
2167
72
4963
128
4880
2299
3222
1517
3467
1127
967
4
2387
310
1295
4607
779
1120
4565
4885
1385
2035
4875
1093
1320
2654
2459
4510
2591
3818
1737
1862
3021
1400
3816
530
477
963
4261
833
1546
159
4500
2164
1995
1605
3082
3056
585
147
4433
1458
2495
612
408
3401
1488
333
383
4710
101
4084
194
1719
4063
3393
2584
4657
3780
824
407
1899
591
1392
2529
135
138
2767
772
718
3908
965
429
1881
2085
4226
1330
1676
1200
2616
1136
4836
1348
1915
1614
751
34
1332
1786
3080
1810
1446
3706
4501
4982
4014
91
1834
1111
1111
2016
1816
110
2243
2539
4490
1217
2727
3460
2171
1294
527
3461
608
1343
4536
1568
1044
2359
2145
165
132
4318
1351
4106
