137
100
49
12
29
40
12
16
6
8
38
22
23
29
33
42
43
9
40
27
17
9
12
20
27
21
1
1
39
21
1
20
33
31
37
43
50
49
29
48
30
2
21
37
24
16
7
10
38
19
32
27
43
50
36
5
16
8
7
8
28
11
33
50
16
19
2
26
4
2
13
2
32
7
29
14
24
37
30
34
35
8
2
7
1
23
30
14
29
30
21
6
20
7
1
24
16
33
15
20
2
16
50
48
5
34
14
36
2
24
1
29
9
50
20
18
6
28
8
8
28
33
43
8
1
13
43
11
49
3
2
29
38
2
28
15
6
20
42
