136
1000000
75139
97369
432299
87384
301777
234700
329023
30072
4352
487912
129166
353090
442010
366417
498886
426133
278324
432152
387968
54797
56973
81341
445067
322684
402742
292696
134219
96228
25496
18929
433875
17894
333027
306537
202807
347054
220704
150734
152144
146364
105692
37798
308164
275803
88058
216300
159591
121253
283286
183662
335954
130341
288065
159394
231002
239915
126050
178666
47967
98
81185
81468
52009
144223
16828
43181
27476
348968
387691
472181
139010
107153
201024
436336
149562
198347
305573
67068
251385
455143
66734
67650
96920
463523
485809
408875
388920
493224
145686
379011
91483
335528
421864
174709
408574
143983
379189
87987
180624
407983
261199
310617
102928
130457
372745
18883
262250
151010
492705
168271
281879
421500
293776
385299
77087
362209
192433
280663
134162
218575
233127
365102
20087
29857
33256
121843
264883
127557
74770
37496
137380
90155
86610
173988
142176
395434
