144
100000
36778
43057
14099
40565
4950
4007
2355
11960
17540
21110
4581
5656
36792
1870
39218
20507
13009
7876
21691
20040
2460
22610
43406
40422
27832
18857
45691
13887
27581
46504
1270
18191
16976
12387
49933
49455
11789
40196
33530
5469
42694
29118
12582
5538
9778
1134
36283
39591
18684
24426
18228
5130
37
9585
19430
49772
1618
28870
23052
27694
4403
49899
6575
11083
527
35740
27655
17987
36153
908
34653
2285
36182
30762
42701
4672
18985
28508
15792
32584
45340
21307
5197
1346
5631
4780
2328
24206
4167
14159
4492
23420
23972
26319
24647
22606
40742
8118
12185
44942
38546
6545
22310
46492
12881
29109
39813
36780
9607
211
9437
5101
21924
13330
46016
11915
23402
23279
12138
10256
2526
12489
28234
5353
33460
8855
14643
26566
3324
32235
32331
14676
26445
880
11306
38141
41624
26290
7587
25329
35395
8124
21213
26573
