143
100000
6391
31245
49529
37317
40618
20821
15453
45074
47020
8675
224
24492
4901
6616
36996
44165
18066
7916
2138
14155
7895
27915
24618
35641
40402
40623
22051
27375
39225
28826
18555
37541
22
31898
29373
15110
35067
132
22730
23910
18752
9755
13117
27227
2904
27341
21729
11288
24226
22799
37923
24393
35113
5256
6806
1230
9424
18336
43999
7861
11729
12998
2014
27243
3243
21171
2425
5635
6029
49887
19686
3383
33817
10991
19738
49953
24288
13422
11503
46045
6457
6676
29218
19803
36773
48278
13763
8701
8201
2645
29357
16526
23234
3880
15609
2810
30129
37438
37731
5994
2152
37680
43574
16552
11608
21746
4394
4631
11975
43637
34603
20406
18063
49516
48510
28501
44755
42386
25563
27586
25334
41
33223
323
4819
13266
26959
2004
39757
7805
5118
11999
28396
23703
5716
18417
4682
27214
15292
16245
6352
8249
38625
