136
100000
47344
17549
36020
18636
20142
49929
11963
15095
38597
34763
32297
15886
23403
31952
2467
19404
38416
4004
45482
9139
40843
46255
46457
2312
7341
45011
5572
25563
27706
19975
7501
4109
28117
3465
6014
46364
45412
37722
6084
42796
10573
11762
45697
34771
6305
22163
39094
3228
18001
25995
7701
14699
25785
23806
35986
27752
13262
16344
6161
10399
2079
5825
1371
28737
42553
42442
9782
48516
22425
21720
5120
623
5944
26438
44536
33976
10491
29996
40493
16634
24003
39688
11964
11371
29161
14291
21731
20910
14497
6412
20486
6802
4218
47044
30519
1109
977
17461
1943
628
23431
26678
38397
1869
18805
36279
4203
27527
45088
30037
15042
24820
41036
19480
13534
11576
39
4519
15187
6386
45531
19655
32801
19196
44592
14614
35434
8348
47386
30813
22901
10802
42483
17460
29831
2713
