133
10000000
1351703
2737045
1710560
1941063
2244161
3116296
3429995
1719073
250226
1062876
1954326
1580458
3848654
627154
244989
3212264
3673224
1495391
2058557
148013
4739797
549510
1866129
2879644
3645963
248661
2884448
223978
179618
3840190
3612461
1238529
1176783
509904
1212323
1163274
749901
2551137
2328360
3298720
3999840
4056129
4020472
4414072
3177492
440684
4102622
4325994
2606816
3191810
2609124
1111457
176774
1957
350200
1623695
3187879
377660
4072991
1168773
1334668
1747666
2222770
3726711
184986
378566
665101
2073163
1536127
1924547
2753813
3943363
1629346
3901331
4581926
345414
1353000
2454899
2113826
4432942
2143054
3966926
2520996
141082
3020193
4758236
1457044
601432
3014672
43641
853913
3454361
3365409
4941881
4474325
2747585
628799
2522668
3643028
3338959
4590871
223955
3647037
297649
3479741
1035538
2723633
875520
2787347
1761155
892083
1825352
4384885
1759722
307238
3494172
4270451
1732195
613249
2741337
2302026
1693179
4816245
3263439
1803093
2683224
2908680
1857465
2061783
2759347
2778396
1541723
4824102
