148
10000
3207
190
1694
1027
4824
4944
2391
2542
4250
2598
220
975
2237
1545
660
1939
4272
2581
2458
853
1815
2034
2467
2357
913
4512
2129
480
529
2813
4929
1806
2062
2921
3939
1520
1550
375
2201
739
486
3509
2272
2353
1712
904
1234
1161
2606
4880
991
633
3453
1015
101
2209
4349
45
2212
1201
4262
233
410
658
4697
1338
3335
1090
4446
4039
996
3325
1629
3675
309
156
1145
3500
4024
1535
598
1574
2653
2988
1461
1632
1263
1116
1970
3960
765
2684
26
4881
1019
249
1328
4997
2120
3187
3629
3819
1157
271
3029
1040
963
2
1303
18
1225
138
133
2054
4706
1162
180
523
4859
223
664
4118
1847
4446
2016
443
4351
4625
1606
1530
877
4181
925
4666
149
4897
1011
262
188
1225
2942
350
3552
2781
1085
2179
1614
939
