141
1000
79
475
58
60
287
22
138
20
67
199
21
30
130
436
75
368
233
280
3
1
190
256
98
394
273
92
265
273
64
424
294
152
448
393
377
319
113
58
218
30
394
247
449
374
163
440
39
120
500
151
205
302
79
284
283
64
496
287
370
339
270
47
209
407
67
399
254
184
69
44
47
461
182
212
46
155
409
133
483
21
265
148
87
135
265
499
166
197
11
398
433
221
153
451
118
186
142
432
243
29
47
79
19
375
185
471
116
187
131
110
27
34
274
181
243
24
413
180
210
4
293
226
88
228
157
380
218
442
344
2
52
113
40
83
27
252
304
294
405
387
378
