146
1000000
449955
246452
442224
36035
183541
290467
124548
47485
14265
182236
58900
89151
328029
264320
325161
107464
270153
15424
499153
279981
23849
326042
258388
128570
169997
478327
46474
69433
491649
100053
455432
124852
283872
78928
364357
90356
499397
393417
188077
176989
142243
290120
255077
289542
212495
63092
104876
41940
214119
330010
296442
69814
179973
447757
360636
344476
13433
367090
136211
335419
314133
397125
127484
64324
188636
17242
492631
76029
38344
76557
125390
75196
333
95889
408508
79616
43159
85488
154272
243154
286684
14800
90174
189540
2497
142608
102244
119963
295166
15459
197104
306219
272120
356149
229534
196210
213068
42563
337242
255596
410783
148852
31852
389241
147446
185406
56006
26894
462093
102833
494010
295330
206526
174378
122328
259351
92388
160845
56095
31508
302438
327173
12259
73984
298839
387140
454217
201160
274415
43552
275977
224449
154253
268762
105414
445985
187841
291556
18678
33100
150393
432290
134336
316028
113227
351751
