135
1000000
268155
262150
335200
95304
16226
378150
220194
452201
286749
224309
432668
424491
168516
187289
102095
119002
270464
264500
271163
264174
378087
163072
50984
363758
67429
296455
32458
46902
247764
402656
43149
48390
457427
95039
21962
118235
219747
431849
253977
56785
89574
317074
155725
97600
4812
38265
108420
137565
60975
201202
226624
198870
259830
301624
51810
239516
39140
294
231430
223947
90215
112486
480420
345636
472437
448684
76486
244021
225721
365528
143905
479671
478182
176518
168102
230845
26302
199380
360949
91488
137032
67969
453029
244402
414942
209042
478114
6584
283597
41160
496656
326029
366317
89009
50484
431947
86625
107879
250844
487069
263959
163902
318152
175315
308784
166873
341988
364198
99398
278316
82427
59268
402484
77299
24126
276517
231259
35998
412138
41870
193005
365428
297056
56649
7861
89316
294648
200201
405331
103071
463736
210970
321459
416542
381328
