139
100
41
33
22
32
28
35
30
9
33
23
39
26
11
31
10
9
27
23
27
28
28
7
4
29
42
13
35
23
7
36
21
25
29
42
12
29
33
17
42
39
31
29
15
28
36
29
49
14
9
33
17
37
15
10
8
44
39
2
5
42
25
6
33
3
31
22
20
17
24
8
1
9
14
23
2
20
13
6
22
21
9
20
26
9
28
20
14
49
21
28
30
3
3
38
12
19
20
10
39
43
1
31
17
9
6
31
9
11
15
37
50
11
2
6
27
22
13
33
24
1
33
13
3
2
9
18
19
34
10
38
45
21
15
6
22
27
14
27
5
