147
10000000
2740
1650559
1159517
1568815
1858548
10590
4461863
3801992
3313569
1756514
1635716
3031502
4228270
395068
1072152
1138838
3436858
4406702
1538014
295267
921826
2057445
281085
35147
3886497
951481
2206118
2891840
2501092
149459
2617271
324740
1000275
3721306
837872
4836105
3056392
1717488
340197
4645796
1499588
440060
702188
865374
370450
3110156
1016585
3968782
1902428
1853047
1969745
2212641
2694366
1093547
4463031
2753743
3771079
1369021
4810258
515319
1105852
1795731
524331
3172539
1158412
1463610
3892601
2142514
3273173
2153797
416709
1661530
3068343
527547
360301
2556039
918633
1197515
2100239
842005
2628660
2529395
79184
82262
1529992
3900212
1038226
3711573
1132079
4449752
4376266
1758119
1141825
1423499
148489
652774
2931141
3894200
4393090
4425073
446732
1468534
1583014
1217395
1863085
411588
3612291
286226
2196268
1628583
3277521
2855337
4528724
2261693
553696
3221052
4179701
3877882
448489
247484
4544629
4156784
4571592
1131374
1120092
4647496
2602651
1712648
3697252
4195478
1612580
4743671
3471175
388116
965544
703868
382372
1636552
812177
2643
599775
1846618
3871637
649542
959356
2260082
867835
