149
1000000
225125
481825
297411
48998
486234
411320
122991
75374
414355
53946
67395
205919
167966
31538
188236
350244
111624
117470
99511
80714
82064
173260
479280
60781
359096
74280
475172
5202
199653
469213
31991
257924
122018
122264
16017
56575
260848
167649
181833
290908
64120
482602
171931
111593
1296
140468
136310
60315
217451
3502
231667
201905
167264
23222
94314
173188
230082
51872
56387
491330
114
227962
226218
7253
174909
191031
289444
224288
41466
53547
361365
3351
98782
266733
19035
162662
275194
319360
458205
234465
17687
144210
41957
180653
67540
182147
209575
352732
407298
269420
56190
139229
183518
316630
18474
442469
306311
104324
85752
10984
447730
26142
250353
69352
315582
389707
292385
441667
370043
84897
259397
288995
54503
128380
456278
343539
260253
69362
246980
134884
89584
114175
492140
53047
150736
353428
284802
391196
43495
70062
454295
209343
89701
27596
379521
14207
105088
89722
423660
164580
179859
328254
447020
96841
328583
427111
427118
242582
384298
