133
1000000
90460
15769
365749
200153
343394
385330
455609
141838
289171
159532
362549
137786
272206
23250
449884
159360
223161
136521
203294
161707
422503
329188
182136
398875
395696
25319
187594
230105
273433
1894
348150
256028
317150
145739
215180
485905
424904
234078
453526
299371
9170
368129
391088
105099
498806
271710
145344
236848
419181
417476
145100
399838
90376
419758
204
125210
422268
137954
191349
168342
192939
460484
266973
143820
138129
31540
259500
421026
142974
423592
149452
234221
141871
230956
46308
2386
294857
249260
379277
4826
200149
104111
42885
74426
82460
300261
61758
439483
448603
368954
339064
25394
455310
92932
150483
471055
419983
34090
302184
139411
20145
2250
75592
283552
393030
271625
165852
87252
139292
274425
214101
126397
467522
259254
20981
340
147578
153956
363026
346697
204127
117596
345117
77990
63067
51374
237899
18385
102878
246082
356091
77757
354636
