144
100000
17484
8664
8667
8501
13889
38736
358
13220
27221
9264
38935
7800
3859
7218
5220
26510
12129
45659
5495
30114
15432
40765
15744
45486
252
28488
47573
45912
1572
24878
24592
5765
860
22573
17027
23877
3798
33475
30023
5023
25907
34976
33955
43029
34355
7251
13539
19822
12878
39330
9258
4863
51
24821
18297
23094
22398
15011
47009
9038
27350
49379
10685
284
7352
13970
49329
20989
15831
38088
31667
11339
31
25379
8883
13376
22137
4678
14733
45303
45322
36201
38925
6111
44229
17640
29383
13452
4818
20894
2005
34644
1424
36164
13569
45479
37964
338
28414
1374
2758
12998
19906
18996
7116
20720
2364
1
16015
47886
5343
21276
48155
9461
1768
20040
13154
35112
11465
47746
3807
15046
37622
1134
11699
18208
24577
28910
18960
29731
71
18970
40923
38405
31947
46861
49508
14054
3941
48991
26095
18342
34832
5013
