148
1000
216
357
321
421
425
177
15
302
110
169
25
355
41
195
93
40
133
303
121
183
50
249
125
305
186
170
176
449
238
467
100
170
99
42
247
201
96
438
11
131
175
319
409
147
183
173
270
20
474
409
93
96
104
56
66
223
200
33
219
304
338
391
333
474
166
37
282
33
196
77
474
8
61
26
62
151
346
120
154
434
470
309
40
135
245
94
127
227
339
73
333
26
379
213
51
60
401
326
46
456
38
326
156
268
192
152
193
66
249
44
97
394
285
149
123
398
194
76
191
150
29
226
314
31
136
104
138
1
108
274
298
293
260
89
146
414
97
229
57
427
322
191
147
255
374
380
458
23
