163
1000000
87526
475455
67178
113240
4904
103660
457790
48039
82886
121441
75231
50994
397604
297053
76890
42460
71314
270796
46836
260202
351415
78394
347636
241133
203741
254856
197576
67779
38589
304748
57044
167999
175137
235661
202185
490784
345291
456538
31847
220976
444255
218132
58850
91331
299759
237791
63404
217264
105728
36456
79982
467260
112321
414674
55697
140898
103278
207472
48931
267043
106065
15817
12509
99341
71990
372111
379103
418994
12603
12021
344872
24457
93478
40022
290193
51634
395580
50684
474163
202239
457367
40701
17024
445743
18067
495598
152241
305825
44332
173417
382611
30412
75816
72895
272916
30417
8062
42166
236143
216048
203355
134168
213310
34897
210758
97262
64335
42986
116623
241951
107505
403488
398173
122985
314674
61709
126411
136319
210391
48250
307050
316202
31571
260157
317421
150570
276964
305681
142524
374787
122438
142538
63728
338618
306897
87726
154107
18577
351428
130870
389780
199662
456897
269751
408848
216187
19536
122578
5374
395873
111993
5706
78484
225653
116776
310988
84998
13393
134
449034
61914
3857
286149
