136
100
45
40
37
3
13
32
6
42
39
1
2
10
7
6
24
1
33
29
35
3
23
1
7
41
30
18
7
18
41
8
39
18
2
32
49
2
10
10
15
42
14
21
8
10
45
25
20
23
29
14
33
12
14
17
44
2
10
23
25
35
27
27
21
43
28
48
47
11
13
8
8
1
30
8
15
45
23
31
35
12
1
11
37
11
21
33
3
1
34
32
5
3
25
22
22
31
17
5
29
43
21
25
1
6
11
21
37
20
7
34
8
12
42
12
22
22
21
45
18
12
18
37
30
5
35
27
48
4
37
50
30
11
46
37
45
31
