135
100
6
12
24
45
11
49
12
28
5
9
38
46
32
21
29
2
8
22
14
10
15
38
21
6
12
19
25
22
1
36
29
30
1
34
39
46
41
18
15
7
35
16
19
19
31
17
47
30
25
13
38
19
17
37
13
1
25
16
35
38
45
31
11
24
17
49
10
25
5
33
16
14
8
30
20
32
16
4
25
14
11
13
37
32
21
45
13
17
42
16
9
18
4
2
13
12
19
4
2
31
15
10
7
17
15
28
11
45
26
23
19
3
15
37
10
13
24
50
34
14
48
48
28
25
26
27
43
9
2
32
22
48
23
7
37
