140
100000
18753
4518
7937
29236
8796
32932
21047
3167
26113
17938
1049
13566
33226
159
23138
881
45784
5863
49621
1625
3274
19805
8073
7789
1486
1306
18851
33539
20894
13780
13592
5223
13435
397
18208
20791
40897
25508
40681
11405
297
14468
13694
40650
46874
5488
4286
5738
28924
31217
10318
7352
34320
31077
11838
38209
21408
43727
37786
37395
11685
42435
22278
17829
6442
14376
37225
12284
28360
49819
29488
8519
41200
13514
13237
9774
33258
41300
9292
25206
8686
30741
15258
6064
18391
31383
19295
40563
7773
31919
39144
495
27543
43958
42077
5389
3272
29764
22056
42241
11031
45711
19233
25113
2100
21752
6529
38457
39428
9845
7604
34413
16443
30531
35059
7744
29473
33299
13428
22001
11108
22485
21056
24115
18900
40777
23805
42396
5235
35624
11339
20824
42212
6
39058
18814
27350
26943
31676
24201
