138
1000
67
136
141
481
196
53
341
435
479
266
252
27
56
295
62
164
206
302
388
209
38
288
196
160
17
29
72
20
148
304
24
247
354
470
21
424
270
479
161
153
99
153
177
322
485
462
172
205
35
442
290
79
425
278
422
417
332
277
121
1
205
137
352
5
78
495
1
150
239
60
141
99
124
450
82
255
156
73
399
439
439
371
82
123
80
140
220
4
194
153
228
365
495
35
109
275
53
7
67
347
95
395
213
480
130
196
500
3
34
417
24
156
425
165
84
305
482
228
451
295
492
127
138
361
18
190
116
483
57
140
51
192
41
378
403
86
144
153
