138
10000000
710499
1354544
1407403
4801064
1953353
523385
3407471
4349757
4780083
2651483
2549166
269051
550737
2949362
614089
1634996
2057939
3012307
3874700
2080224
376349
2873073
1983291
1631472
186358
280871
719258
220418
1479297
3052357
236342
2481692
3535521
4695650
208000
4235074
2698512
4788048
1609488
1525354
986655
1522833
1766909
3236637
4844251
4610570
1716777
2044044
365812
4412732
2911977
807185
4241595
2770372
4218565
4167814
3317295
2762203
1200267
2583
2042338
1368448
3536693
72456
792939
4947377
1130
1492556
2405102
591897
1408797
989869
1253425
4498440
813189
2540402
1555686
727593
3986342
4380322
4385960
3720882
832429
1226575
793258
1409549
2190250
38674
1936575
1521554
2279788
3646088
4941856
348414
1086205
2749328
524724
67483
663290
3465564
981636
3943369
2136097
4793890
1299707
1954310
4994290
26812
359909
4167501
233342
1559756
4240466
1676648
835032
3040997
4816640
2295941
4506109
2943277
4914541
1282105
1370574
3607426
179367
1931952
1179237
4821101
561762
1392897
516302
1927486
405875
3770728
4025357
854290
1436995
1527715
