133
100000
27494
18024
13714
9456
49235
29175
1548
29882
34874
27290
1521
16704
18119
40810
12041
42705
6594
5973
6740
27712
10712
48893
49277
29309
3996
6373
1134
35732
22140
18301
15715
8551
25540
14399
46004
21518
24472
3933
16109
25815
30771
46595
5269
3354
10623
11168
37856
21208
19553
29993
1908
33194
6050
2020
41432
9008
33878
43113
38
22471
15899
38608
14199
6980
16242
40396
27088
12003
17587
8659
36952
18733
18729
7283
43883
28969
26051
31382
40709
5248
24190
29060
28202
29259
21809
6616
26906
4586
23524
3626
36526
27830
29340
38803
21563
46982
21710
44397
24936
21089
42788
31359
36341
1572
42723
43944
38634
19336
46797
15147
7708
7135
37346
15947
25525
3395
1754
35518
19540
16885
9397
13180
7556
8751
35787
18025
16096
39252
46510
47398
30608
1005
13451
