144
100000
3042
22764
22767
18645
18346
16293
23253
41028
27535
14618
12683
26869
34095
27540
49868
11710
7404
31060
15171
33549
39569
39929
10
9715
19663
7597
31587
11481
30202
7956
18074
32305
33733
31469
28400
2271
4995
4102
5969
6067
20002
19873
17738
2007
13155
23441
21822
12899
30908
25265
48721
48485
27704
26778
6370
49377
3668
4912
34075
7679
8853
44171
20571
3450
19649
18248
30695
5777
16888
3233
5760
9174
17414
4225
45590
22413
5611
4639
3676
49247
18577
35626
32127
35591
41764
18175
39789
1821
27448
48665
34534
23893
3050
41484
8400
16143
24349
39693
2456
8031
26528
43687
9156
24897
46495
34224
2927
1804
33589
1269
24703
43736
9210
21917
17164
29781
5840
18947
10537
1990
13617
49992
25814
40265
6890
28582
23092
17900
4343
25742
24217
30109
39758
1874
23975
3319
30295
15777
4585
16399
20040
29933
5077
891
