130
100
28
17
32
33
17
5
1
34
2
30
22
5
4
47
4
2
37
14
7
37
17
3
33
18
2
40
18
17
9
7
42
19
28
1
29
26
19
31
3
41
17
27
1
28
9
15
35
18
20
45
8
23
13
5
26
33
7
37
21
26
16
30
36
22
41
35
17
35
7
27
48
27
45
39
2
3
12
21
12
14
18
25
41
39
22
11
30
21
28
43
50
39
37
17
17
14
6
32
40
25
27
20
1
34
12
42
12
16
4
30
17
3
6
38
16
46
45
35
44
35
32
30
26
4
45
14
49
37
9
32
