145
10000000
1432698
942044
2897447
58234
1480479
3571763
4948499
1219152
782730
308130
4360683
2355612
1812657
1155791
579294
772735
3759192
848925
678572
3140107
177915
4357861
4533159
1182252
1685213
371066
1170294
4281831
585141
2567175
2285176
952782
1858997
3468695
974692
1833908
1493505
384518
1894265
2496090
1634672
37604
753612
1228545
1782506
763839
4492149
5299
1087802
2306643
655926
2791527
1424487
2390590
2817004
1927786
2334605
78856
1941132
731328
166256
1019256
1909711
990278
3189027
4328286
557836
4344556
1613107
744
4147674
1137361
2929676
403254
4806625
326003
3642644
368249
243408
4462489
3736665
4148552
1278213
612888
1322772
399463
2477888
2833884
1459084
4603398
4727891
3644082
801123
2185112
2432862
2588572
4757979
2153514
734886
3391467
4264113
3346449
2709535
562639
281038
818185
284963
1116150
4519939
3914140
592992
4015636
4100574
759273
2483478
1231589
3619626
4620061
100664
329688
2475399
92124
3908492
321519
1350013
4393096
2553248
2327878
4047178
3941708
2386475
211394
1374770
3731001
4933035
283729
1905159
277348
3169432
385855
4509129
3342278
1568805
1043878
4074399
