137
10000000
3028604
4838261
4572180
48849
2804160
3905801
4238138
3700114
527974
1989056
540089
3885274
3367418
2310889
2226759
1321856
2292633
4992708
1299706
2284064
724821
432891
3645001
2369283
103943
4754379
1832090
158826
1589404
3586510
794265
1508491
4196759
4114827
1791696
4507975
1919843
765746
3999760
3690288
1753247
1570995
734903
1024288
1813942
4063387
4300984
4431600
1682305
1771681
2531399
1726346
205405
2270577
1584692
873043
2127630
4750506
123304
1727318
4509507
1918
3778148
1105761
3936835
4776548
2124122
805769
959789
367032
375007
2791221
1628806
686310
714518
143410
320570
940212
417386
4319498
1427620
4524603
2274097
3671549
1954680
2312713
2257012
3230683
4788112
2956942
2700193
2725940
4299278
791852
1117947
2044283
2265483
3068524
1326614
3254737
3470168
2673239
3019920
1640008
515622
2755985
2229560
1210733
3887587
1909759
340062
3250764
524527
1376349
1100818
3163071
1918225
3312762
3088077
2660915
1636452
1902354
2402752
982732
482689
4622051
752058
2132746
1170107
1639475
1491532
210146
2868771
998736
2661395
55429
518312
