136
1000000
250057
427873
216860
10400
70440
286927
199318
354012
365943
239005
497093
49494
163357
327785
291752
20294
346829
69645
130
499312
171208
467488
326359
97932
314104
258969
242213
276237
318423
70371
147164
443459
64986
261818
421973
240054
66165
71850
161442
97668
220637
197169
283165
443735
382575
458529
218115
61570
129704
28089
76142
330475
1934
387467
13675
475306
145352
170374
54311
352203
391844
290660
147705
27537
68529
3620
331750
210929
239695
202253
102897
241008
127021
458696
305368
35963
237305
1341
212080
335839
80689
44662
247369
264044
363990
269472
320475
150634
442408
18818
184920
30984
67728
261258
208391
171573
201268
26170
239403
150616
135346
491056
77988
438537
469017
289663
366282
71977
299333
147936
208376
393654
138111
152050
136165
224922
36380
480774
158986
240832
241971
423897
73965
259792
138750
347502
426777
45387
81457
200789
338346
279595
194325
17421
292715
326078
