136
100
36
17
22
23
7
13
10
19
15
19
4
31
46
49
25
25
48
28
6
31
26
41
11
44
28
2
24
17
1
24
13
22
32
17
2
44
32
36
8
45
6
1
15
40
3
3
11
10
11
18
26
15
34
11
40
40
6
14
23
30
17
40
16
24
23
5
11
32
19
35
4
23
11
13
17
40
19
12
18
37
46
49
19
3
16
3
12
47
33
31
7
36
45
25
23
29
40
28
2
5
10
37
42
4
25
3
32
6
7
20
30
3
1
32
24
21
14
20
9
10
48
45
9
6
39
44
11
14
27
32
40
22
9
5
40
44
