137
100000
35078
44927
2047
25690
34027
11552
48329
17455
16671
35307
37335
21853
15934
5723
2211
37112
3289
25745
1162
14710
27430
37666
225
44692
129
4516
11787
41676
44799
19617
42759
14062
9628
29955
47875
9847
5093
28474
4047
30580
10642
31166
48986
1750
9691
40858
9
937
28821
38418
13902
25505
21670
49105
897
29564
3300
90
19092
7301
46752
15369
22045
14602
8808
32052
651
2398
30053
41035
32671
40856
29812
5450
35170
11521
30784
38265
13913
5200
30802
14563
32647
19966
37422
6515
22163
36181
12879
37902
7434
2828
17265
4790
8575
15353
10658
6935
22557
31124
42199
10043
1353
49981
17922
29100
8469
25642
36955
21359
28163
45903
49807
4976
37895
24397
21743
19440
22810
29622
45192
21386
23527
7600
1873
32723
9235
25662
5072
26498
47954
38699
30806
16621
19311
10600
778
