134
1000
6
34
248
89
280
341
198
284
171
239
449
88
458
47
228
27
466
210
156
36
157
165
319
204
14
41
361
290
8
58
220
24
470
84
368
238
184
248
348
69
258
90
208
138
423
86
484
309
60
122
463
207
205
77
246
185
158
82
50
376
235
370
498
116
409
123
253
256
444
386
319
392
81
438
447
35
350
159
409
1
54
294
102
170
488
129
243
365
383
139
415
61
364
250
356
25
197
418
271
149
286
220
491
348
13
4
15
134
89
123
100
347
172
291
485
198
401
141
148
404
393
86
121
95
228
101
192
225
91
362
21
257
333
339
