145
1000000
259291
478205
90606
403900
175474
45325
159379
59412
164292
244790
349553
21781
95637
440241
495935
9381
173263
111137
107200
238601
46766
395623
19880
186370
163415
255304
79128
10197
106498
65833
132615
211357
189737
376266
248962
53119
425815
237261
20615
109303
247904
18043
495755
299635
368779
38039
400963
353631
216486
468398
315116
473106
112195
46226
26944
339746
123190
478274
248711
375618
404393
248058
269470
167040
346252
461757
386390
201573
9216
21684
360325
22498
45145
486534
180532
142194
381547
128701
356720
11854
251440
276535
119996
94724
406
8374
399816
173079
375630
84480
61802
258930
381067
240041
311330
33621
99759
59
221576
315298
283309
204826
90811
119008
319061
346367
82989
126384
110097
148881
249766
154093
287412
127513
352792
165567
372190
22222
369128
135304
131145
194488
57737
232423
57350
283922
171097
34230
150796
152900
352835
115460
29780
152430
58989
433352
1317
180497
284899
241544
393611
395358
108232
150169
323647
