139
1000
91
458
94
55
266
14
51
110
157
1
100
77
181
410
177
464
277
16
326
38
68
44
486
413
311
416
79
453
2
240
45
275
19
298
8
165
127
191
419
177
358
107
97
310
54
409
457
180
56
109
116
115
445
299
239
219
330
42
412
248
178
326
34
103
380
423
499
32
114
255
459
159
1
191
279
253
282
392
466
253
252
233
310
39
333
265
368
483
427
138
265
424
315
392
17
268
131
300
376
129
317
183
71
28
250
148
280
61
471
219
148
122
178
112
173
276
320
105
213
33
216
213
132
12
401
333
46
14
125
102
194
372
48
203
123
443
276
240
54
