136
10000
1834
510
3750
3465
1513
60
514
3650
1134
741
211
4256
613
4486
3601
4477
1481
2586
3879
3163
198
1616
2189
2139
4057
3095
906
840
1576
2158
1291
2234
2088
1959
1579
412
3745
3803
3618
119
700
2081
897
3400
4168
4731
4093
1839
350
4560
1684
2796
659
927
4494
1356
402
3428
3562
4887
3146
789
2805
65
3615
4218
3253
3132
1423
2262
1738
2132
1802
1966
4676
2
210
895
2645
148
2497
4438
643
1909
4691
348
849
4020
4054
1777
3599
2619
819
960
1684
924
305
3710
1306
2602
4182
4703
585
1804
2416
156
3744
1111
4931
740
4737
3601
3131
569
3427
212
3729
1611
3021
280
1250
615
222
4901
2096
1243
1558
454
4900
2901
96
1516
2084
1505
268
4465
