148
100000000
32068747
1899419
16936010
10266451
48238943
49430272
23908029
25438562
42497999
25997120
2223001
9770975
22361929
15444267
6599123
19380147
42716019
25803827
24572608
8548109
18167912
20338243
24668441
23577965
9127840
45112726
21318139
4795049
5306233
28123762
49286726
18053333
20612647
29202145
39383134
15198586
15504452
3745076
22035881
7382837
4858871
35081350
22718260
23521505
17149724
9030291
12331709
11603105
26058644
48792349
9908943
6324372
34529110
10143690
1009884
22087923
43485549
449882
22115298
12003498
42619308
2322760
4093926
6577696
46960289
13374059
33340865
10899968
44450003
40382955
9950369
33241521
16313482
36748707
3101575
1555609
11445180
34995520
40236804
15340426
6002349
15774255
26528645
29906480
14601663
16315841
12640590
11159433
19693932
39596380
7640584
26835688
257824
48807334
10184765
2487148
13271214
49961927
21198061
31867218
36288512
38183950
11567160
2705828
30282249
10398373
9622460
17219
13028733
178741
12247966
1379457
1323407
20565195
47052923
11610630
1793672
5248259
48586981
2245980
6645824
41194919
18469144
44452093
20155899
4421931
43502378
46243833
16073682
15292600
8789438
41804850
9243311
46656262
1488550
48961671
10105093
2634584
1872471
12277774
29418211
3498156
35517916
27803771
10876496
21780815
16164606
9397033
