144
100000000
7961662
6453540
983170
6512715
10387206
19373409
10098781
16286657
10202493
2595213
44866384
41486533
18532966
48176143
7651962
9812768
23180727
8688968
6771972
37892966
49689239
4447254
35640233
10447536
29851066
49349455
12977645
6696967
5390945
11462847
31822290
8130333
17375367
9188404
3340010
7334990
26146362
6726387
12364917
7845346
17615457
43380761
23299647
38406405
11284342
10970578
38498891
15928443
44654846
5427474
27251961
11648555
3664494
9166282
17897883
14690792
4623948
46432912
26504977
11500843
29888209
15270405
22677194
37317100
14153963
15500618
22093337
39244863
42772022
42384997
30210686
14637648
32314534
19550357
35696873
1783512
32470424
6957417
49819150
48473539
43881072
33970535
380159
31117976
13869489
9392
39320685
10100781
13993245
13817115
10357869
12886873
17192481
20752888
39664506
29505778
34702755
18884978
22348732
5452102
24127255
19793734
16523794
3599522
9650401
25476760
5379261
35329321
15177873
4027002
33298262
11875806
27187544
35985774
3884034
24245457
35583711
22624842
21218298
17586198
46490592
20494399
16761264
1548641
46580931
23693687
32251549
21631476
14388795
438451
41896559
12751024
31047444
41428714
9336300
8017435
5301818
848514
33820860
14637661
29060344
38991596
5347718
38239801
