131
10000
693
2716
1550
713
3
3975
866
4750
2088
1937
3671
2511
158
295
1684
3135
813
2664
1990
666
558
4392
123
1022
4990
4943
3216
1522
2018
1636
796
4407
4676
1253
2369
1804
3930
41
1000
2832
3719
147
1955
1646
4805
2274
1984
2308
3030
3459
4247
2446
1209
1721
2944
1080
939
1774
4386
695
2354
1550
940
1900
98
3753
4146
421
2389
2801
3176
565
173
676
3157
4852
3495
2645
3061
1629
710
2239
1402
2402
1366
367
4064
2644
4946
2922
3015
1753
690
4760
276
4958
3152
1954
2844
1797
3951
3108
115
4543
3867
1614
599
1368
255
1490
3451
3967
372
1196
4547
411
1591
340
1149
3713
3031
4554
2296
2750
132
4392
2757
3397
4621
4315
2892
