146
10000
779
1399
2344
1676
2017
4472
4707
3790
2070
2072
2164
1723
1608
2313
2859
296
440
2133
612
27
3388
1143
556
3099
4034
4649
1614
2461
890
1966
4639
3958
2165
4170
3902
832
4969
1422
395
1524
1679
1930
1874
2943
623
3262
1181
3980
3017
3536
2045
1631
743
31
651
3913
4718
1426
2486
1712
2296
3428
503
3769
3780
239
1218
2377
1321
1842
896
292
2546
430
2779
220
1425
1259
79
1922
1410
1688
4538
1751
2123
3640
302
2261
1779
1874
3066
1419
2538
1665
3796
4639
1186
4743
1280
504
1720
1790
1958
768
2903
4549
2403
181
1923
2468
3602
189
1733
4064
1387
1537
3571
3306
3684
3797
743
1804
912
2481
1057
223
739
2347
2683
3914
2845
848
701
926
502
4006
1602
236
1649
1541
3221
1953
372
4
1096
581
