138
100000
2923
18102
6637
14535
41930
20407
26464
5550
2326
31452
19470
219
18758
24397
46322
49252
23785
29314
11651
14798
28815
8729
48825
33504
35538
17625
662
13949
15485
31625
5910
3700
34357
8324
18260
32724
758
9812
7710
6487
32883
33815
13565
25542
26559
14201
22781
42428
26530
28317
17309
32949
23444
13989
34398
24259
20845
37
10371
21453
13889
7104
35192
32073
11223
10475
20710
1330
29224
37572
43494
37886
37990
23796
34677
9674
14655
16176
48679
27852
47480
3105
27368
35797
6721
21908
8220
32221
15196
8195
24507
10982
32992
22073
12245
33416
25557
27818
2191
7141
39295
37350
15287
23402
23106
10937
29562
12306
16861
10761
41042
747
3041
20583
4598
17933
15586
41310
24975
23166
35451
18859
48597
113
44039
28288
10537
36261
11366
27637
13326
33920
9025
31585
48464
26290
27506
1318
