135
100000000
13589366
11799453
14985402
44426881
10618727
44770661
11942378
27713735
8710495
8363715
37669978
45739693
31625830
20220008
34734677
1753082
37048457
21840577
13396702
18901190
14466637
31371221
20132747
35310740
16734711
18187073
24896286
21238779
28958
35711712
28483289
29310647
114318
33390776
39197621
44522140
40270096
16596385
14069977
10987281
40762702
15976147
18449553
18637908
30817495
32580869
46473908
29765405
24571781
14242858
8085172
18937767
16838327
15237874
12821051
575815
24698852
15546567
34024395
37120256
44698106
25768581
10280266
23843483
16076642
16070982
9812505
24065080
41139834
32885075
17541532
13851890
9735365
29280424
19500161
31865450
38024710
34834812
19130378
15777520
10065357
12685775
22992250
31294264
20980991
1032122
12617139
37717191
41059036
15122801
25202662
4548520
49112699
1960239
12924011
11098524
18682809
21328261
3400413
13767045
951795
9890716
1264061
35436059
21076077
27916809
10148990
16212704
26567474
22298892
8182746
2616251
14043877
36030679
9026878
12514388
23416376
49756823
33252722
17607531
14756781
119867
27464413
25670833
25618701
26332494
42615031
24030703
40040254
27983560
21325948
47216442
22871579
6239721
36689817
