144
100000000
5837493
17610
25197447
36269737
45003107
22012010
48780228
18564614
24896472
4865831
23133222
10738144
31949258
8097428
4159334
32469563
47813659
21317666
21947594
45960024
3059016
27787249
18686838
1923594
27678838
38253885
1328812
8933946
10471655
18540391
13407090
5963863
2512143
36087403
81506
14319834
35589750
31962797
3808092
5412886
2814080
36223325
28354789
32176997
5910906
42658170
30005561
8770813
39799311
6535205
12879675
18012034
6795156
32159843
29563950
9476926
27445613
8346204
24417324
21169903
23436778
5850387
17132044
17915193
44664112
35702328
22382009
41931636
33658465
49669860
35426451
12685215
34488363
35176514
25985902
33028981
19944753
3525315
41825436
32296075
8457636
6921005
3458511
38720936
21256955
27744373
6505158
17687280
10086115
12588926
48221869
34637886
6089245
7015795
32960231
111975
40591040
3875504
24613251
11717197
24045830
49024428
14945590
21178116
4728258
21580268
46227836
185055
26590964
6184241
12537617
24641201
19672029
1237334
9153703
45718229
43461340
15916794
3950154
39224120
47094084
17320919
11447542
24688477
45238603
4149014
17824118
6749103
395035
5545139
28690909
11656919
13543237
24370948
6976012
27181734
3556047
12688964
9900430
31925663
14463958
15935420
11585090
38527009
