141
100000
6909
13439
48829
44287
1234
42072
1500
2357
37295
34124
25168
7355
33959
21560
14851
31100
3307
39649
29633
27292
17225
3809
14772
39433
33073
27803
20285
16760
43322
21811
34426
13909
32223
35828
9680
35103
15939
9517
8000
30371
11331
8770
23733
20880
17347
6041
33248
7855
26731
43594
41276
24147
15219
40448
4910
5485
6266
41708
40674
4
14118
26860
3743
43863
34659
15769
44489
3571
18949
43259
42354
12706
33422
9709
8743
7934
12683
1203
20490
16384
29326
15214
18041
32913
15818
20756
33618
43496
23084
12425
3850
21020
38866
354
7698
32670
12277
7286
20715
49871
34158
36875
25042
596
18206
14874
25508
6637
9480
16320
16527
26678
22991
8146
17287
29884
13465
22434
7726
27788
27681
2262
22788
5161
20699
36343
45519
26960
462
28183
18113
16598
7147
43607
3161
4605
15483
6376
45367
2327
37454
