137
1000000
350780
449265
20470
256898
340267
115519
483282
174545
166705
353064
373343
218523
159337
57226
22110
371126
32889
257443
11614
147092
274295
376657
2250
446916
1290
45152
117894
416770
447982
196186
427590
140619
96297
299545
478744
98470
50924
284758
40480
305798
106445
311659
489855
17491
96901
408609
87
9363
288203
384179
139019
255050
216716
491059
8969
295640
32996
894
190920
73009
467512
153686
220459
146011
88078
320516
6527
23976
300526
410344
326703
408552
298113
54500
351692
115231
307836
382644
139145
51992
308016
145655
326463
199664
374220
65144
221639
361810
128800
379020
74348
28303
172646
47900
85768
153540
106590
69341
225564
311240
421998
100423
13530
499810
179212
291020
84681
256434
369541
213581
281622
459025
498062
49752
378949
243962
217428
194414
228121
296217
451915
213886
235265
75993
18726
327222
92346
256618
50719
264979
479532
386983
308054
166208
193109
105991
7779
