149
100000000
6217932
14021595
2568872
706209
21318118
10751598
10668532
34510472
19557837
47201012
42784022
26209159
21057380
18480660
1012443
26803092
9640547
6730261
11826189
29949159
41861369
5512877
19683516
15937386
199777
8146260
18367736
11640418
35421360
20447706
32025359
11772553
11430930
5503230
41638114
7339636
18337928
5561019
14589235
37432846
27372512
26793572
6324806
27786484
28846740
7407183
1304891
10934116
38060142
15675065
10039962
30234478
8847941
21124304
45852131
19958
14095574
34287074
27709910
735494
36292508
9256270
36759045
29166006
40462639
35349002
18172654
2295493
16544508
30779577
3222251
31105029
1890440
39023531
45410416
31191387
27145334
6753466
14188814
2026112
8556456
38036016
855854
43189290
22510418
14030186
45088883
5025945
19630375
8132554
32701550
40491636
1270417
34336854
18534542
18216001
16125698
33466885
32205835
6865386
7648983
27714159
5335716
5468761
4735646
15859145
29847506
8345926
7725571
13534000
38699610
31120670
7719768
27008806
28014223
43365693
4439036
36169938
19255134
46134604
18961633
349891
35523263
10798360
4561684
24593362
43668383
32391548
7252979
6003178
13228349
20370684
48617592
28668494
11858554
4776956
12749650
11284568
38158882
6558591
32589518
16798838
24511749
21034510
42355069
4636913
33354402
7237928
24339633
