135
100
29
8
9
50
14
23
49
4
49
16
3
50
23
20
11
20
3
21
47
13
45
47
16
15
2
2
30
3
3
31
45
41
6
5
7
15
39
17
16
12
30
21
44
7
12
27
16
28
2
34
34
4
35
1
7
48
44
26
22
1
37
14
41
44
40
18
3
49
35
3
9
42
30
27
6
16
27
8
20
15
1
8
9
35
16
44
29
5
18
9
6
6
11
1
10
7
48
48
15
49
10
7
2
28
28
35
14
44
36
18
29
39
21
36
13
31
35
46
1
33
17
47
21
6
21
7
37
10
27
14
7
45
18
43
13
