133
10000
1350
2736
1711
1942
2245
3115
3430
1720
248
1061
1955
1581
3849
625
245
3211
3674
1496
2059
147
4740
550
1867
2880
3646
247
2885
224
176
3841
3613
1236
1177
510
1213
1164
750
2552
2326
3299
4000
4057
4021
4415
3178
439
4103
4326
2607
3192
2610
1112
177
2
346
1624
3188
378
4073
1168
1335
1748
2222
3727
184
379
666
2074
1537
1925
2754
3943
1630
3902
4582
342
1353
2455
2114
4433
2144
3967
2521
142
3021
4759
1456
602
3015
42
854
3455
3366
4942
4475
2748
628
2521
3644
3339
4590
222
3648
298
3480
1036
2722
876
2788
1762
889
1825
4385
1760
306
3495
4271
1733
614
2742
2303
1694
4817
3264
1804
2684
2909
1857
2062
2760
2779
1542
4825
