137
100
31
40
17
28
45
2
14
9
8
35
9
16
19
13
46
30
2
8
41
14
21
31
35
22
13
36
33
28
5
15
43
2
18
8
13
14
32
6
29
29
39
21
4
27
50
36
19
4
18
49
14
13
2
13
1
39
37
41
45
21
23
4
10
39
43
29
6
15
37
1
29
13
1
16
6
25
7
37
32
33
32
25
11
19
23
25
41
32
7
42
34
22
38
27
11
46
30
45
8
17
3
20
11
31
13
9
14
18
8
11
41
1
28
4
7
5
21
25
14
9
23
1
48
3
35
25
19
42
42
19
50
6
33
19
15
3
30
