144
100000000
17487030
8663074
8666322
8500377
13888024
38735515
357802
13221265
27222611
9263583
38936602
7799468
3858291
7222001
5219330
26509072
12128815
45658103
5494045
30113482
15431634
40764850
15743727
45485505
251239
28487471
47572396
45911597
1574866
24877738
24593580
5766983
859518
22572355
17028007
23876178
3797733
33474004
30022927
5022233
25906964
34975675
33954489
43028876
34354381
7250234
13538659
19821820
12877009
39329634
9260394
4862313
50873
24820816
18296413
23093338
22397492
15012773
47008908
9039602
27351820
49378082
10684727
283953
7353640
13971308
49328085
20989801
15830755
38087757
31669058
11338718
30523
25378713
8884208
13375401
22136678
4677345
14734713
45302295
45321038
36200878
38924965
6115462
44228471
17639290
29382336
13451654
4817535
20893777
2004483
34643319
1423580
36163814
13568871
45478046
37963579
337362
28413579
1375831
2757670
12997374
19905623
18998510
7115006
20719350
2365575
896
16014836
47885729
5342972
21275606
48154378
9460026
1767439
20039001
13153884
35111604
11466558
47745072
3809303
15045804
37621394
1133420
11698444
18209925
24577513
28909643
18959468
29730908
72786
18969941
40922442
38404193
31946117
46860757
49507911
14055564
3940827
48990027
26094424
18341339
34831232
5014043
