142
10000
2258
3729
729
1706
1641
2579
2458
4
1225
4751
4593
2343
3420
2300
2851
1468
3436
508
1469
535
1756
1380
982
916
1746
1069
1505
972
750
1765
3213
2339
3630
2962
2031
2427
1372
4466
909
4740
326
4152
3056
904
2095
4249
73
1834
980
3813
796
2548
2364
2588
1450
359
2081
3001
2230
2985
2922
1913
454
1215
988
878
3965
1360
106
3664
748
386
2866
609
2245
357
321
2495
452
4699
2425
4959
4155
262
188
1544
2304
297
2431
4301
4590
1974
3039
3016
1738
3542
575
3684
4107
612
3598
2160
847
930
4377
2278
2309
3668
3367
1411
1458
109
1518
1311
1594
4479
2669
1966
803
447
1082
381
3767
722
3354
916
712
1106
996
3638
1014
2545
2860
3886
4237
1856
1690
4881
2633
3236
3744
242
