142
100000000
22834856
4924846
18862641
22697
3883983
22658907
41255435
39930409
27845710
23493968
28093455
39545858
26456511
27941244
3203232
12062945
40858904
36267442
16142942
20048688
8032265
8698843
10609399
49395831
33452724
2050575
47246695
49904540
8476820
25675912
49248995
259121
4959387
2169413
700835
27262282
70582
15650673
17150342
3694796
33530460
46333214
38493737
11905388
19436657
39403867
13116395
31459586
39617543
19902169
12156025
8812770
17661517
10374316
13224305
6579704
1450464
8542121
670171
17523219
8391361
47229837
32870882
13125396
17162474
19993370
45024989
19959577
41640866
26265148
15075150
2841208
45243553
32264287
14012230
34651847
11314970
5062490
5038742
10900411
1879256
25904020
24008419
46364991
26976609
31020090
6307479
36703495
8293160
38333311
40380855
5128869
13871977
32532387
7798952
3537221
39753905
16321980
21261021
11262125
34981641
2286163
13325816
16979394
4503114
10709326
34637466
43930348
16698184
22324741
35971673
16412769
4644386
35051092
33138696
19261666
28239060
45787934
28841867
3346525
10789061
13872319
26859420
24598136
46016334
18707679
45592346
15593077
9482146
13559590
6960369
34731922
14229390
20864656
28831431
9799504
22272921
11113682
8181530
21819071
17916683
30189631
