143
100000
37458
4481
22905
40841
29337
23865
32453
544
34884
49598
31854
37033
27497
33480
1901
44207
2053
20279
40248
25993
1579
441
43861
2816
48320
45906
22636
8683
8310
44873
708
5819
7174
32550
34373
26435
21995
37724
15643
11619
30564
6982
7768
31272
34212
1802
25264
23118
9530
21285
4304
17370
28996
4325
45133
8954
1143
3855
23812
8204
19708
47140
26532
25828
5261
45280
9978
7353
34310
26134
12174
10695
48778
361
22216
2212
12814
24342
8591
25327
41567
18546
42593
23691
17038
19210
38589
38857
1949
2876
2035
19708
28623
2467
11768
46026
1224
16039
4425
15601
32835
32735
1585
39599
45839
22543
15732
27223
39783
7482
41149
38633
22130
2522
42377
38070
506
25
33317
39003
9299
6795
2126
969
13927
37101
5177
17527
3479
8068
10191
30969
16173
31328
16234
14021
10778
49672
21816
11287
2902
13846
35092
