139
1000
403
324
214
311
271
345
291
122
324
224
401
252
110
308
113
86
263
223
270
271
278
83
36
283
412
139
344
224
87
358
206
246
296
414
138
304
346
192
414
381
302
286
143
298
353
288
487
131
90
330
194
361
145
93
72
431
382
18
42
412
246
53
324
23
307
212
195
190
236
79
1
82
135
222
15
194
128
57
219
224
109
195
251
84
295
191
182
483
210
273
296
27
41
377
138
184
195
93
384
422
4
306
166
88
51
305
88
134
164
361
492
106
49
54
270
212
121
364
238
8
327
150
27
19
81
211
208
331
96
391
444
209
147
60
236
267
138
297
43
