137
1000
306
399
166
279
441
12
135
82
95
348
89
153
182
122
451
294
11
76
409
133
237
307
341
217
155
356
327
279
44
166
423
44
231
75
148
139
312
78
283
323
383
203
68
261
495
354
194
37
175
488
138
126
46
122
6
387
370
401
446
204
225
54
95
385
421
297
58
146
361
1
288
130
7
169
51
253
77
368
318
328
311
262
103
183
226
244
408
315
85
431
331
217
380
268
110
453
302
445
78
165
29
193
103
320
130
89
154
175
78
123
410
10
279
32
85
45
208
248
134
82
222
334
471
14
342
269
186
434
433
190
498
67
323
189
143
29
8
