134
1000
131
494
377
219
312
235
114
248
286
146
262
387
63
71
401
399
352
465
65
264
496
120
167
98
327
330
6
476
478
53
376
322
189
138
31
118
132
10
429
36
249
266
244
67
13
381
453
243
201
44
401
151
248
344
211
58
366
158
258
202
472
135
234
364
238
34
22
400
71
411
35
33
422
13
29
187
311
268
104
25
137
324
108
185
369
315
90
396
24
126
335
392
490
4
416
345
254
202
270
313
44
40
415
104
7
321
236
63
193
389
153
494
484
437
227
8
18
77
47
79
30
98
134
126
345
1
97
441
308
349
412
436
179
124
