150
100
24
30
18
36
2
18
26
26
14
7
21
23
14
14
22
19
15
19
48
16
31
14
3
8
11
18
9
2
18
1
8
24
50
46
34
47
38
15
12
2
4
50
30
35
27
14
46
40
5
29
19
19
5
1
26
46
6
11
7
6
32
25
12
2
20
35
12
17
28
4
1
48
14
7
24
6
1
47
20
39
7
16
5
3
45
3
22
5
47
22
16
22
7
8
6
24
14
35
26
32
3
13
13
8
3
2
4
17
13
28
35
22
30
6
3
9
6
4
8
46
19
33
32
13
45
42
23
2
26
24
31
44
31
21
50
41
14
5
5
26
26
41
20
10
20
3
46
3
11
32
