141
100000
20605
11996
3029
19737
8917
31632
32576
6269
4550
24925
150
42279
45517
37415
8901
38110
2374
19176
25971
1729
794
14361
26639
7517
252
6522
29738
6577
46522
41549
45691
1
18732
6627
22668
19291
15558
33965
16412
3688
2353
13035
45461
37781
37668
32696
20984
19387
7686
12352
15877
37821
385
8028
21246
20800
33006
42076
4599
22933
13855
46699
47049
44236
41391
18267
15952
34855
24188
25815
36271
1344
20253
2674
42102
23223
23396
4537
31478
27223
29360
11660
3635
25227
43413
38511
13123
23887
33558
13756
19208
13308
876
28583
8326
24029
26347
33944
24699
13730
27730
21821
13746
15317
3083
34068
20715
35491
29449
6069
10638
19171
25109
14135
20770
17498
31243
26723
9045
17964
2505
17551
17057
6379
49128
20307
49973
7989
29556
11889
3343
13466
47389
1653
13636
44350
44883
20875
7377
26121
25664
