143
100
31
38
18
44
4
8
19
12
9
16
37
12
9
8
8
6
14
48
18
42
11
21
8
14
16
4
11
14
45
6
28
19
5
43
19
17
12
31
18
17
44
3
5
11
27
22
47
7
1
9
48
17
39
23
1
11
7
26
33
32
11
35
1
16
46
47
30
1
4
27
22
2
18
33
5
7
10
27
45
39
49
9
37
38
4
17
19
33
3
45
23
29
5
4
12
12
27
20
10
39
5
16
13
34
27
39
26
5
26
6
5
31
12
15
40
15
21
16
45
19
35
20
7
15
6
9
36
49
39
23
17
18
30
45
1
42
6
29
17
20
44
5
37
