148
100000000
21506968
35660881
32014594
42081730
42493877
17628578
1738171
30181929
10998590
17042913
2423953
35492052
4016024
19688508
9288930
4141544
13412216
30202892
12026759
18297055
4902944
24806977
12484627
30467886
18590857
16999061
17596881
45065739
23744008
46656613
9985076
16900876
9865088
4522588
24805856
20076785
9575237
43736989
1041949
13089418
17499673
31844847
40829574
14685813
18248193
17387680
26958352
1904712
47370714
40800861
9390547
9565907
10625922
5889710
6536718
22497221
19997141
3285577
21892554
30350011
33732809
39008211
33298176
47308773
16595318
3632990
28166389
3206004
19749270
7683015
47309765
774384
6249869
2562252
6188771
15056028
34688214
11952054
15368889
43344172
46936040
30847655
3909419
13428383
24453140
9322328
12617000
22864816
33892121
7403044
33260546
2526533
37825892
21201314
5074513
5924282
40066753
32518465
4529137
45541889
3775800
32572221
15535067
26902947
19169405
15677659
19274860
6531320
24872485
4631346
9659293
39377456
28429410
14889365
12401768
39731664
19399238
7559923
19045938
14913907
3154570
22525833
31326602
3010567
13567404
10310709
13752777
37958
10972194
27345158
29978983
29219357
26124646
9302789
14548065
41303133
9609308
22897020
5604572
42625026
32395517
19029721
14663886
25801497
37336204
37958273
45786923
2626267
