144
1000
80
65
10
66
103
194
101
163
103
25
447
415
184
482
77
99
232
85
68
379
497
43
357
105
297
494
130
66
53
114
319
82
174
92
32
74
262
68
122
79
177
434
233
385
110
110
385
160
447
55
273
117
35
92
177
147
47
465
264
116
299
153
227
374
142
156
220
393
428
424
303
147
324
196
357
18
325
70
499
485
439
340
4
312
138
1
394
102
140
139
104
129
172
205
397
296
348
189
222
55
242
198
166
36
95
255
54
354
152
41
333
114
272
360
38
243
356
224
213
176
465
205
166
14
466
237
323
217
144
5
419
128
311
415
94
77
54
9
339
147
291
389
51
379
