142
10000
4373
4387
150
389
375
4430
3202
124
4518
3312
1415
3287
510
3820
225
1156
2610
4104
217
2484
3685
961
3645
2867
210
2265
359
928
2439
4166
877
1971
1852
222
2044
4115
2904
1128
809
4878
2
1896
2292
3141
781
3607
1771
1674
3039
1393
986
1871
1467
3800
2841
1065
2535
465
1292
609
2119
1278
23
2460
435
4093
1234
3626
3292
852
1469
4558
1028
4382
2641
2868
4711
1100
411
26
3807
2480
1557
98
3302
2306
1432
1250
4388
1194
2271
4543
1623
2764
2707
1146
1059
347
1014
4764
3611
2314
3081
517
4029
1628
2579
1745
3059
2460
1091
1267
2930
2562
291
1856
4064
3446
2111
2611
2013
986
2729
2691
1642
3283
4255
1990
1253
2187
1358
1070
1450
687
681
1711
2644
641
2547
186
4579
1567
