136
1000
318
272
117
356
266
270
106
451
279
111
11
27
83
398
105
281
215
257
67
406
404
1
461
309
187
118
77
62
294
397
212
26
454
44
336
39
318
455
95
340
283
191
317
322
470
183
318
377
142
112
167
196
73
137
69
165
234
211
188
122
245
134
455
49
365
463
56
351
345
149
138
454
287
343
183
173
190
200
342
103
185
120
60
204
28
258
148
291
105
443
196
344
125
229
267
443
187
237
145
39
116
222
410
355
461
385
30
289
277
176
255
345
39
86
126
443
161
168
6
457
448
167
30
259
175
77
187
319
2
27
266
27
244
354
1
229
