135
100
3
46
41
48
19
14
8
11
2
23
29
1
25
43
15
36
1
28
2
38
33
48
27
27
12
31
7
45
14
17
27
27
1
5
39
44
9
14
43
6
35
25
25
34
19
50
21
30
5
31
20
4
44
9
26
29
17
15
31
3
1
3
6
8
22
18
3
7
37
42
24
16
18
31
42
24
21
36
4
4
10
42
14
48
6
46
1
9
41
18
2
50
20
31
12
39
34
50
14
20
16
17
15
21
43
4
30
21
30
5
17
14
5
37
23
37
1
29
15
31
5
19
23
24
47
3
35
41
38
10
9
21
15
39
4
