124
10000000
4739240
2401208
2335188
3010318
1010934
455339
3366742
1335225
1057528
1047951
3403559
822969
755039
188979
1329689
2505623
4922018
2348708
1604677
4991799
4749595
3214826
2151780
2156373
194975
4114346
2868945
3422383
4793690
3747014
2157563
500383
3085194
4698192
1163697
2726148
3352224
2059445
4732575
2591548
4126207
2039959
1070254
4154267
3900201
1785251
157668
3668805
1031401
1121507
384889
694265
2897937
3376586
2504733
312488
920323
1456148
2848230
4542873
991807
4166682
3477773
4098527
344889
4131738
4498428
3148750
2098450
2174218
2094480
1447958
3283482
4344746
2225187
2854594
737142
4073303
3865769
577389
414629
723242
964487
3683162
4640227
1056257
848
3255459
1137781
1055671
3347659
830141
1597070
2545962
4924759
63296
761102
4629871
2757194
3762065
914372
3802452
977718
1052565
4910920
321444
4012748
232853
3968130
2299393
3549957
2793989
4232348
3362791
4398134
4430513
2553814
2108485
2505964
1108502
3475007
478373
615204
509
