142
10000000
4372888
4386166
153389
388358
374082
4429426
3201049
123332
4517918
3311682
1417260
3286554
509538
3821910
224032
1155869
2609600
4103503
216226
2483553
3684543
960497
3646215
2868253
213014
2264419
358678
927256
2438860
4165826
876306
1972022
1851641
221230
2045601
4114800
2903382
1127142
808617
4877399
1214
1897284
2291916
3140697
780045
3606496
1770155
1673961
3038866
1394816
985380
1874124
1466835
3799629
2841287
1064228
2536751
464939
1291380
608664
2118825
1279496
22037
2459861
434150
4092693
1237739
3629517
3291028
851893
1470683
4557424
1030105
4381705
2640795
2867616
4710327
1099729
410195
25255
3806691
2479884
1558171
97428
3301935
2306613
1431107
1251628
4387471
1193219
2270045
4542033
1622606
2763018
2708805
1145207
1062408
349200
1013927
4763966
3610795
2315710
3080918
516140
4028155
1627494
2578922
1744178
3058979
2459494
1090771
1266312
2929528
2561163
290943
1855038
4063599
3446340
2110847
2610561
2012363
985361
2728694
2692828
1641704
3282117
4254559
1989103
1252399
2186175
1357440
1069097
1449771
686072
680215
1710572
2643768
643435
2548522
188087
4578306
1566387
