138
100
10
22
11
8
7
33
6
23
30
11
20
4
40
15
2
33
17
24
45
32
14
12
18
31
5
19
39
36
6
28
42
28
9
10
35
38
36
18
31
34
21
13
14
23
18
12
39
23
38
14
23
5
48
3
8
2
28
2
49
24
4
35
5
1
14
27
50
24
47
2
19
6
21
4
27
4
27
16
13
8
37
25
1
6
30
24
48
10
9
23
28
13
20
43
11
14
7
4
11
49
20
32
19
8
13
31
2
23
20
24
3
23
8
4
48
42
14
45
27
6
40
11
49
35
49
16
9
29
47
36
5
39
18
42
31
44
5
27
