137
1000000
226231
424366
82728
165966
431619
377700
69707
276343
221730
19664
287776
432630
127232
330476
108550
377622
124224
149409
232972
201976
465563
145031
255021
211675
213938
329731
298872
303558
119777
97765
303114
7604
227100
96678
71991
168998
30267
90116
101305
130255
156791
9536
463523
104214
60206
103122
63533
443039
310013
67296
184757
79787
120949
308357
469471
268129
183326
176418
45040
43751
292753
107586
204050
186726
230017
106037
134528
484910
129071
107818
257738
138562
321959
100364
60675
443169
395875
80541
305409
486990
308006
352310
496173
188
380825
22928
140502
337932
244462
229255
286414
334421
463615
204616
389939
8770
35671
156907
347700
453544
179411
159234
16971
428934
83519
355441
208951
66914
119234
177590
279865
393097
97021
351724
146700
312287
81207
269978
483985
293291
259553
246342
135440
153852
153040
122360
341502
428659
109043
194056
212805
219412
219716
136446
238747
146291
409888
