144
10000000
1176116
3134135
2730203
731732
1460894
2975824
4054951
1389518
4291371
1139392
2169318
1252100
1514109
399984
671908
944361
396693
2658046
829872
1154173
944629
3367323
3361247
1732932
2758021
864303
357332
2274759
2299123
1466254
1697935
2529765
1663562
1301468
4133467
4522398
4458193
4603554
3884019
3758377
1037766
1151345
1982411
1971618
1354971
695433
1611146
1927046
2349418
1336541
1186613
2985410
1495624
1518625
368570
3260682
2907300
2117679
1864704
3066511
257279
1817750
2813340
2369731
2162935
1817148
3694107
3994189
3173220
1028552
3447433
1149540
384866
910286
60144
2214306
2517678
3402048
112571
3243685
3135300
4679666
2268323
3405613
4775935
1258304
74991
1503803
192455
2493526
3260913
997771
1287965
4255114
774134
196
3524499
2268438
3288445
2174767
3981625
2441408
34539
302020
318788
3903654
797107
826344
2211125
1014322
1090598
1706179
522394
1943295
2613073
1653613
621233
4777840
4693134
2408664
3885221
1671056
951722
437150
3205856
1050991
1258047
3707317
3890134
3242505
815965
3775382
615036
738586
2033656
4585392
1032398
790868
473980
4180942
1746361
2180310
1872672
4563758
