141
10000
691
1344
4883
4429
121
4208
150
234
3730
3413
2517
736
3396
2155
1486
3110
330
3965
2964
2730
1723
379
1478
3944
3308
2781
2026
1675
4333
2181
3440
1391
3223
3583
967
3511
1591
952
800
3035
1134
877
2374
2086
1735
605
3325
783
2674
4360
4128
2415
1522
4045
491
547
625
4171
4068
1
1412
2686
373
4387
3466
1577
4449
356
1895
4326
4236
1271
3343
971
875
794
1269
121
2049
1639
2933
1522
1805
3290
1582
2076
3361
4350
2309
1243
385
2102
3887
36
770
3267
1226
728
2070
4988
3415
3688
2505
60
1821
1488
2551
664
948
1632
1653
2668
2300
815
1729
2989
1347
2243
770
2777
2769
227
2279
517
2068
3635
4552
2696
44
2817
1812
1660
715
4361
317
461
1549
638
4537
233
3746
