154
100000
11211
33022
19640
12821
13270
45372
24397
25504
5464
1415
27673
16
13076
17534
40821
29822
25795
22191
33685
4942
15397
12193
1167
24608
22164
28062
41964
9168
3753
19536
10722
38833
367
9495
13174
15535
9517
4812
3038
25420
9087
26911
49177
20880
31981
18530
9307
42299
23982
11792
42334
12644
11193
6000
20642
22823
37919
17301
8767
8453
7797
6834
32990
36495
824
22450
45529
16390
44078
2062
30790
2031
32584
34080
6471
15278
10818
1987
27145
9401
6712
33930
30027
23285
32290
45067
5635
25451
4164
2774
47685
31475
35835
30559
2382
5557
47499
168
16108
23546
18417
29814
23029
3858
7838
21129
19145
11455
731
25549
19415
33640
21630
6469
18900
10855
29798
10873
14775
4118
23035
46586
26548
12293
15101
33015
6924
17005
24906
24162
6656
4253
15242
9198
28892
43310
37954
32075
671
24374
7440
19386
46304
27635
34972
4233
8593
30218
9046
12693
7730
40410
2049
852
