128
100
21
47
23
18
38
10
17
1
10
18
27
16
9
44
26
5
5
30
18
22
16
14
21
20
30
21
26
47
21
21
4
5
30
10
3
26
33
20
30
8
20
34
30
1
20
41
46
40
29
7
11
15
14
12
35
18
22
18
44
14
22
22
12
25
34
15
29
7
15
30
45
22
41
26
33
25
19
28
19
28
49
37
14
11
22
47
18
7
43
43
26
28
50
17
20
27
13
7
18
19
37
45
16
38
25
23
44
17
5
2
10
23
40
22
7
31
23
20
44
37
32
8
36
17
29
45
26
3
