144
10000000
2285899
3368769
2324530
179977
1782012
3010125
4394649
2968602
274490
430972
1081574
2321646
880773
4908808
1494411
2486006
522377
2892268
2071436
2822677
1206363
2898084
4164914
3075043
826190
4010535
2490958
977518
2769546
201351
766283
1983226
2958315
3207699
1615727
267385
384630
351261
853755
329945
1508152
699223
1212273
4959962
2074327
3048529
1164983
731884
1754312
2882599
989687
1624909
4724847
1067253
573141
757785
466815
3524720
796423
1959257
517894
461892
4141977
2094828
4990433
770014
304844
1588135
747180
4967473
1865855
4462244
4638602
731883
975601
406517
4123522
3359625
2519008
4299289
231198
49159
443974
1159037
3663906
268964
3144344
4361153
968671
1920321
2772606
42426
690856
2589176
3991693
2205106
1555899
2934446
2740763
470
2765091
338599
1307319
2825636
4020104
459421
271374
665519
4052373
4984462
1507807
3625477
1752017
4857596
1458798
1966035
490639
952063
760673
2847871
336320
2866750
3444249
1184685
3263521
2799123
699663
3275031
3379310
2082898
2238239
455089
3005040
734540
3859378
4829047
4279186
2521923
1612578
1060915
1362599
2232743
3953018
4552487
