131
100000
6921
27155
15521
7124
29
39743
8652
47495
20873
19361
36726
25130
1578
2950
16847
31343
8121
26639
19899
6655
5597
43913
1226
10240
49895
49426
32169
15220
20180
16357
7958
44084
46755
12544
23701
18032
39299
409
10019
28317
37182
1463
19543
16468
48049
22737
19835
23078
30297
34598
42462
24460
12082
17219
29439
10799
9382
17735
43854
6975
23537
15497
9413
18994
990
37528
41456
4227
23885
28009
31756
5671
1762
6752
31563
48519
34946
26457
30608
16283
7091
22382
14033
24020
13655
3691
40633
26431
49458
29232
30143
17548
6928
47598
2759
49572
31532
19539
28440
17963
39502
31074
1141
45421
38661
16138
5988
13679
2546
14895
34503
39665
3738
11952
45467
4109
15906
3392
11484
37150
30303
45534
22956
27499
1316
43913
27566
33965
46201
43143
28932
