138
10000000
292282
1810135
663688
1453670
4192929
2040643
2646368
554921
232532
3145115
1947133
21882
1875747
2439652
4632197
4925111
2378482
2931304
1165072
1479790
2881490
872829
4882482
3350318
3553753
1762622
66111
1394815
1548420
3162413
591106
369996
3435619
832385
1825990
3272312
75764
981365
771226
648677
3288278
3381426
1356475
2554257
2655885
1420072
2278077
4242754
2652971
2831681
1730876
3294900
2344400
1398886
3439701
2425849
2084464
3640
1037087
2145271
1388815
710377
3519177
3207289
1122245
1047601
2070999
133199
2922383
3757196
4349312
3788583
3798936
2379581
3467605
967309
1465735
1617559
4867816
2785335
4747914
310464
2736766
3579657
672094
2190797
822240
3222091
1519709
819488
2450658
1098309
3299187
2207485
1224586
3341630
2555679
2781768
219362
714460
3929455
3734917
1528614
2340135
2310507
1093867
2956138
1230584
1686168
1076032
4104132
74817
304403
2058216
459985
1793256
1558525
4130979
2497476
2316580
3545101
1885884
4859661
11491
4403838
2828800
1053627
3626099
1136807
2763675
1332539
3392131
902638
3158497
4846349
2628916
2750753
131716
