131
10000000
692070
2715499
1552320
712373
2818
3974280
865107
4749449
2087225
1936062
3672639
2513183
157745
294951
1684771
3134261
812023
2663843
1989894
665494
559888
4391295
122528
1024316
4989479
4942593
3216981
1521922
2017916
1635631
795732
4408493
4675465
1254500
2370386
1803158
3929874
40826
1002002
2831607
3718104
146258
1954219
1646959
4804837
2273637
1983436
2307775
3029635
3459915
4246189
2445960
1208101
1722043
2943831
1079857
938121
1773459
4385355
697719
2353604
1549668
941345
1899352
99103
3752784
4145575
422780
2388499
2800890
3175589
567209
176519
675114
3156264
4851859
3494567
2645748
3060748
1628243
709062
2238177
1403528
2401943
1365490
369363
4063206
2643028
4945745
2923296
3014229
1754885
693174
4759769
275860
4957139
3153293
1953815
2843909
1796206
3950157
3107361
114048
4542062
3866062
1613779
598797
1367890
254555
1489443
3450253
3966463
374031
1195130
4546687
410827
1590546
339192
1148320
3715408
3030235
4553362
2295589
2749885
131536
4391299
2756522
3396454
4620081
4314234
2893206
