167
10000000
651679
3758368
2456457
772691
4978316
307928
4057273
487922
2701582
2193174
1060743
498120
2447518
182994
1135008
1083273
217091
1382885
134234
2639199
468370
3216354
1013403
1845976
634709
336627
901321
3112693
1259267
906252
776655
4443276
3346006
3214431
38198
2515892
2169099
365686
530949
314
2387716
2830199
1660289
4370600
1492160
1615785
1412834
1075052
3130014
2217460
1293748
2422574
1188008
808182
3906417
267173
975707
4540582
672791
14616
4993972
1066940
2122920
1148800
2949964
2133109
3510061
4939205
1098897
170767
4448981
2673690
2470909
1898581
515432
305543
1189896
479627
4865362
983526
340084
2253849
261512
1350668
68487
112558
4641496
1483231
4989642
4109271
754954
3678596
996274
908399
3443806
2183354
326670
2245846
3487465
1186124
2866193
1368325
126420
2761318
522812
2595948
180916
3604345
4759068
28284
639396
3629316
1552698
572567
1077152
2003360
1377994
965835
645781
3644544
3660426
3588399
224213
150999
926063
1390701
256420
659792
1212406
181737
2096230
1639975
41233
509014
2972837
4040610
1156759
1488495
3392784
85057
4327796
233354
2154589
2235837
341030
4613547
596594
629500
7392
1082348
4302012
460571
265389
542889
2990288
4729886
1752565
1310690
2769987
3011718
119985
1571731
2138466
2171857
388286
1783897
3559066
