137
10000
2261
4244
825
1660
4317
3777
695
2764
2215
197
2878
4327
1271
3305
1086
3777
1240
1495
2330
2020
4656
1451
2551
2117
2140
3298
2989
3036
1196
978
3032
77
2270
967
720
1687
298
902
1010
1303
1568
96
4636
1043
600
1031
633
4431
3101
670
1848
796
1210
3082
4695
2682
1834
1765
451
438
2928
1076
2041
1868
2301
1061
1346
4850
1291
1077
2578
1385
3219
1001
606
4432
3959
806
3055
4870
3081
3524
4962
2
3809
230
1402
3380
2445
2291
2865
3345
4637
2043
3900
88
357
1570
3477
4536
1795
1593
170
4290
836
3555
2090
668
1190
1776
2799
3931
969
3518
1467
3122
813
2700
4840
2933
2596
2464
1355
1539
1531
1224
3416
4287
1091
1941
2129
2195
2198
1365
2386
1463
4099
