135
100
23
10
20
20
9
13
13
9
6
44
3
24
44
38
12
40
46
2
34
41
31
34
44
24
11
5
28
9
28
40
8
29
25
18
4
1
25
24
5
13
36
3
17
29
46
19
26
8
8
36
2
48
6
31
11
26
16
33
11
1
1
4
36
7
36
20
47
5
50
26
41
26
2
26
17
19
31
5
10
46
11
1
27
5
27
46
27
18
11
29
6
37
48
6
22
14
14
18
11
15
1
6
13
29
22
30
26
37
26
31
17
7
7
15
14
46
31
3
49
13
23
48
15
43
14
48
10
3
41
47
15
39
47
41
25
