136
1000
74
95
433
88
302
234
330
31
3
488
127
354
443
365
499
425
276
433
388
53
55
82
446
323
401
293
135
97
26
19
434
14
334
307
203
348
221
151
150
144
106
35
309
273
89
217
160
122
282
184
336
131
287
160
232
239
127
179
46
1
82
82
51
145
17
41
28
349
388
473
137
108
202
437
150
199
306
68
249
456
67
68
95
464
486
409
389
494
146
380
90
336
422
175
409
144
380
88
181
408
262
311
103
131
373
19
263
152
493
169
282
422
294
384
78
363
193
281
135
219
234
366
17
29
34
122
265
128
75
38
138
91
87
174
141
396
