144
100000
4157
29158
5768
27723
11091
452
23657
32243
872
1952
6421
5828
28948
7743
15310
33998
15288
10669
1482
24003
18198
10445
29340
1100
30671
21004
1598
5670
4736
19094
31830
36511
32181
42752
7343
8594
48568
24516
11549
36872
36562
28277
1029
1005
17823
20900
4065
23183
28676
8347
30184
34465
42995
28324
47801
38117
21919
22698
22528
15432
17589
4582
15105
7322
9081
10905
15494
14915
15109
33926
42824
2145
39346
1409
32915
49217
29340
28139
13702
34463
9395
158
6554
7030
39528
12754
22510
13630
10058
13494
49934
35659
1634
37725
17617
32739
5977
8392
18003
12181
24210
6123
1154
32657
10426
29842
41822
7632
15292
420
42993
33934
26151
49322
15804
8148
24657
49754
12947
41163
33171
7165
27483
29149
446
49270
42743
41053
313
3474
44075
27257
1811
553
42837
35148
31
25788
19149
33173
32806
28790
13858
29841
