134
100
8
8
22
12
10
33
39
24
29
2
24
16
2
26
21
44
4
50
50
25
32
1
43
20
14
8
27
50
6
22
7
50
10
27
34
29
1
19
25
11
10
29
44
26
16
49
10
34
8
19
4
15
46
9
10
35
2
27
23
32
34
11
50
44
36
30
8
34
1
29
3
2
20
4
3
19
4
49
1
37
3
20
33
35
31
28
8
36
3
24
31
5
9
24
49
8
48
38
42
37
8
29
12
12
22
2
13
34
13
48
8
15
31
49
30
2
7
32
39
12
16
30
18
12
20
22
17
27
38
35
27
5
1
50
