133
100000
18085
13521
46892
14890
10723
2194
15590
40038
20413
947
60
10958
48497
4686
2853
37552
11413
41960
18002
20604
44734
24091
10351
3096
30893
4431
49377
13429
36609
34605
35808
626
12291
49562
43251
7870
18441
26943
2519
904
8032
25394
25037
525
49822
35035
39222
26368
21498
29680
3730
7304
47594
29844
30722
28506
13462
34656
38005
43445
27770
43065
12680
34863
7608
8314
15964
41668
1931
16868
40799
11292
23357
1763
46265
1939
35559
12328
42798
33487
43004
28874
25418
24968
1030
20764
41595
31747
11037
11392
10136
2856
6817
23680
16569
35396
30721
25332
23938
13229
19923
29025
31459
23895
22199
625
44935
14423
8917
28218
9661
14054
39567
43765
45580
35672
16172
395
827
13649
25568
44805
4133
9221
38105
18020
17433
34337
13655
1600
44542
49173
36
