142
10000
2284
491
1887
3
389
2266
4126
3994
2785
2350
2810
3955
2644
2795
321
1207
4086
3627
1613
2005
804
870
1061
4940
3346
206
4725
4991
848
2568
4925
26
494
217
68
2725
8
1566
1716
370
3350
4634
3850
1191
1942
3941
1312
3146
3960
1991
1216
877
1764
1038
1322
656
146
853
68
1750
840
4723
3288
1313
1715
1998
4503
1996
4165
2627
1506
285
4525
3225
1402
3466
1132
504
504
1091
188
2591
2401
4637
2698
3103
631
3671
830
3834
4039
510
1388
3254
780
354
3974
1629
2124
1127
3499
227
1333
1698
449
1071
3464
4392
1670
2233
3598
1642
465
3506
3314
1924
2824
4579
2885
335
1079
1388
2686
2460
4602
1871
4560
1560
949
1356
697
3474
1423
2087
2882
980
2228
1112
819
2182
1792
3015
