133
100000000
14352265
21619486
25318193
7427793
46592047
40945652
4033854
11082578
48118208
7959863
13726892
36731693
2017223
2286338
29912342
3828106
5683383
22719486
40711210
32331384
7244665
7122148
13648457
27253948
38386328
15535768
20611804
42681418
31236849
10726535
4937696
5489123
21057749
9000622
31403159
9804886
17954221
33355965
28679788
9192005
40384719
35488986
43426409
24107993
7070045
16001113
15039490
21192773
18630756
44263534
4644261
22537043
18103848
11167499
24469677
19418817
7956862
3522
44922651
14691092
39745257
21170078
28917826
47705402
25197181
41384201
18932823
6414420
8702121
11217849
26435400
9644374
23934406
23708079
33187084
21895386
6998496
10562816
24103792
41786790
7093892
18696423
14979295
9143646
49145798
30079007
15557450
35436347
14874190
23564667
19173990
33294539
17115659
29245568
19765029
30775101
1349821
40022395
8692268
23440980
36450408
22575935
49756046
40829803
45966824
17172739
22863967
12094331
2634479
7140466
30973167
29162306
42989118
6392560
40502429
22053785
24057736
43564824
9391479
23808554
37868689
831867
43183359
3945329
24928241
42147629
18404826
31182182
21487691
32708648
22289509
37844824
3464184
