137
100000
4228
43147
30311
22359
2900
43769
5920
35834
21965
19053
38759
31144
45233
31068
47733
3118
13021
12284
28485
23061
45379
12860
22005
32316
2372
24882
6136
7266
194
532
3755
1913
10193
31563
22005
18462
17921
6958
44605
31841
24615
29462
7839
33
14805
24190
13999
5598
10261
12299
16374
11693
38828
30252
39305
31538
15769
22987
6100
13254
16317
29608
24876
41644
39674
25305
10408
21251
39287
14790
11401
18521
39703
26058
26090
12680
48013
4423
43819
33635
19193
13250
2947
48314
44051
35116
11906
36662
9814
22282
30391
1247
1283
24887
25812
47982
39532
31129
15058
46652
28457
8018
42602
18544
39864
18525
16346
2363
24983
2024
1713
7016
5047
21771
9078
27119
11883
21610
23441
19285
16798
34346
16980
13792
33346
39163
18000
17936
44722
38604
18111
4201
5345
35521
12908
8701
41075
