138
10000000
203935
1749156
4974217
3609935
1812116
1880044
3465273
3340799
2206496
187606
4039317
1543675
218706
697964
4462110
2569295
3965129
2977608
412283
3610623
1925034
1154728
433678
4979232
2119678
3158801
3019246
988363
4730669
902883
449941
666166
2907180
1927358
3794734
2525312
4455030
2382543
2652288
1305942
106065
999424
986621
2162563
684595
948275
4084650
1548125
240915
4915086
2439005
3081856
3655608
3201799
4235134
1659765
1894461
1188223
461711
397591
4918682
167477
3811800
906496
2882819
309671
2143990
2046311
4745208
672408
4096503
1174
1062362
2622897
2621323
2164638
3304114
2843878
1226596
3015907
4976081
3461573
435677
2399904
2072617
26336
1420205
2380156
2090527
1236027
713940
609705
4961155
2996317
3057997
360860
2727787
2808803
184343
3804807
678435
512771
1146994
95618
4227140
3268296
3399061
1381216
2630931
4772018
2056693
835840
185817
3346497
2055833
3187578
2463836
1756391
1897235
1582585
530683
3648551
2550259
2443795
1912728
2512598
2912456
1472939
3232905
748222
2134387
4329706
595597
3667038
178590
2201933
1624122
237070
