138
100000000
33486149
30112927
32022845
27580896
21059796
49695252
37066774
5466722
38509151
7953427
24231047
20646204
7917110
49764747
1191807
24054769
4886660
49782583
47833476
3409968
18397653
45391379
15610400
37826097
30428053
49201031
8169543
24072982
40841514
15303473
9609373
36698879
21533146
16899042
16190347
11706990
1438209
21712850
31268176
23290039
21427452
6720401
6242196
43514852
6135054
21194751
18074684
35671852
47753795
10948544
2118841
38588346
1161307
36540060
28042798
27856217
11317175
6558707
34465668
31901399
45227262
6115422
21513835
12170412
11159511
26188204
22671032
1691933
40788282
4094813
7898396
43974167
896120
1229902
9130773
25378034
9339513
17286458
8691383
18609571
23450570
14470236
7959427
30014204
32806541
25674438
12285533
48054926
9019309
19102031
7564577
29527057
11348572
1316874
36913681
741921
10158905
49748798
11077917
3014901
31205656
28567
42901631
33405706
26543030
11246596
43720943
42519575
48021259
49467126
26445446
11629071
33023514
18544762
12861850
8223669
33151458
17876683
33577987
33008044
36308545
11226915
19184125
2528958
2246740
32114729
23449014
7751282
4224946
9345670
23444586
28780904
15197481
37515917
15923949
1983788
1243709
23325143
