136
10000000
1833086
509640
3749141
3464213
1512596
62534
513017
3649321
1133337
740212
210041
4255764
614275
4485118
3600244
4476558
1480357
2585624
3878537
3162665
199995
1615771
2188425
2141734
4056401
3094105
905544
839853
1576969
2157304
1290571
2236038
2087283
1958126
1578129
413323
3744072
3802864
3617926
118561
699902
2082278
896787
3399994
4167267
4730226
4092015
1840132
350889
4559624
1686590
2795976
662661
926026
4493175
1355903
401753
3427194
3562625
4886634
3145383
788407
2804951
64150
3614061
4217284
3252879
3134056
1422809
2261633
1737589
2131430
1801770
1965247
4675974
1605
211335
896082
2644955
147315
2498687
4437947
642972
1911857
4690907
347896
848956
4019539
4053388
1776020
3598216
2618121
818688
959636
1685573
923061
306900
3709460
1308113
2601184
4181715
4702547
584625
1805932
2415688
155897
3743759
1110424
4930119
739482
4736064
3600209
3132806
570123
3426220
211395
3730805
1615373
3020400
279869
1251017
614919
221109
4900607
2097222
1244397
1557180
453884
4899092
2900891
95605
1515544
2083662
1506902
267217
4464339
