136
100000000
47343608
17550615
36019669
18637866
20144253
49928983
11962012
15094726
38596448
34762748
32296526
15885283
23402134
31951011
2466079
19403342
38415888
4003847
45481925
9138825
40844629
46254245
46456555
2313839
7340621
45010119
5574762
25562944
27705466
19974716
7500121
4108086
28116006
3464765
6015234
46364496
45411521
37721113
6083190
42795106
10572070
11761528
45696767
34770395
6304772
22162185
39093584
3227888
18002162
25994102
7700822
14698045
25784543
23805750
35985550
27751737
13261412
16345151
6160827
10398399
2078842
5824412
1373502
28736689
42552584
42441017
9783039
48515805
22427501
21722061
5119699
624283
5943730
26437113
44535162
33977093
10490540
29995191
40492049
16633990
24002280
39689334
11963397
11370469
29160180
14290341
21730196
20911503
14496403
6411382
20485757
6801235
4219894
47043518
30518620
1108574
976973
17460857
1945628
627965
23430976
26679797
38396849
1870883
18804222
36278838
4202916
27526964
45087562
30036991
15041141
24821259
41035964
19480862
13535864
11578074
38350
4518793
15186291
6388037
45530948
19654634
32800153
19195776
44591185
14613659
35433617
8347709
47385647
30814972
22900014
10801774
42482423
17461952
29830622
2714463
