135
1000000
345611
61614
14966
198784
223899
151637
252242
332209
104496
57560
148333
34254
310737
346232
118485
393533
378136
323132
352634
147661
76010
181548
144919
231044
406063
482737
145977
11598
238251
16947
110769
46944
423080
116681
95789
413721
345105
189965
438235
43945
138033
285864
239671
77035
310
428655
41484
170698
148888
366966
148589
184131
392291
75235
94119
44930
295762
274312
12080
7362
173615
140269
10401
195027
197029
374849
358821
478587
276544
155740
400332
126775
190967
127523
413089
2364
71940
465252
114800
168709
370405
445932
16512
211198
234984
145389
305624
217437
457673
476477
223508
193985
42812
449572
80366
355657
264578
132614
54453
44306
257556
277191
36132
304079
106823
238475
315157
293755
98603
12709
252246
111735
193988
195743
313687
436688
348987
346411
57838
45086
478318
329800
153774
365599
430878
101802
364584
310818
413176
403685
365103
378215
83950
444732
84664
