133
10000000
4314238
1361609
3875
4431135
3303764
1629307
1619098
1741532
2159365
2850012
3979982
4367966
4070483
385869
998705
4060378
4024635
1327847
1463510
2659186
608812
919682
1398649
2475942
12032
4552672
2601224
4790748
1655558
2921306
4084924
1747659
2836165
1700676
4979343
829745
2089345
566065
1282445
2113195
785375
2111105
2201596
1360699
785078
522621
1038035
2031816
2421065
1251721
3272214
4843246
4914232
2284249
4782331
3755849
3328293
2930029
3781435
2190835
2716899
3156092
404863
2854513
40217
3689887
2029625
3126325
3387846
563506
1505793
842643
1809609
58011
147225
2672984
620335
3916665
1477224
1590833
1362392
3345685
1339908
1577781
111206
3170572
1750174
4900684
1023646
3095982
1091389
3719783
3312050
2170124
431465
979513
539866
4912783
75166
1484803
1251251
4078940
782747
2698345
1543439
150364
1547767
3287086
915054
2155492
1847175
4543475
4414916
3494935
2814217
2230311
929577
3810603
921134
108685
564523
4161078
1489925
2339634
4519005
4952493
2769050
312000
4769564
2501695
1949560
826105
2803281
