136
100000000
18330858
5096397
37491404
34642126
15125954
625358
5130166
36493208
11333368
7402118
2100409
42557632
6142766
44851173
36002435
44765580
14803563
25856238
38785362
31626641
1999967
16157703
21884245
21417362
40564007
30941048
9055432
8398526
15769698
21573038
12905703
22360395
20872827
19581259
15781282
4133245
37440719
38028638
36179259
1185605
6999020
20822797
8967864
33999935
41672670
47302254
40920143
18401325
3508913
45596240
16865909
27959754
6626637
9260255
44931741
13559023
4017530
34271935
35626262
48866332
31453822
7884061
28049501
641497
36140606
42172837
32528788
31340578
14228087
22616330
17375887
21314295
18017691
19652466
46759739
16045
2113358
8960831
26449545
1473150
24986891
44379462
6429716
19118589
46909065
3478960
8489558
40195388
40533873
17760197
35982158
26181206
8186873
9596352
16855755
9230606
3069023
37094597
13081141
26011837
41817150
47025466
5846248
18059328
24156872
1558962
37437590
11104238
49301190
7394815
47360636
36002085
31328073
5701244
34262199
2113942
37308062
16153763
30203995
2798682
12510179
6149182
2211090
49006061
20972221
12443976
15571794
4538840
48990911
29008906
956050
15155434
20836614
15069039
2672167
44643382
