153
1000000
110955
235555
301568
423988
79227
274497
247
244354
224764
489895
481906
294309
358087
79020
202124
87504
21075
495133
308750
318287
201673
326931
41194
239398
76245
447480
213349
359318
220332
13495
93864
483495
230709
16953
396494
388209
467323
57191
49538
24248
32317
150809
52765
94488
133255
11622
345639
50238
182753
166598
90364
213301
116962
276174
153164
397215
48551
133341
186342
449010
144867
187043
95379
7586
117323
2496
238368
440206
185557
217678
148420
325298
8169
450335
80316
43765
88422
120078
107264
442827
246782
60266
141206
103980
346604
143441
9239
256429
323096
69330
89022
47190
22836
77593
98448
144586
175409
48396
76075
335170
186580
13364
105531
140056
428115
392472
71219
383552
228077
349785
159566
350478
77646
342180
140869
147290
149138
39849
396895
130044
330618
397837
166775
154258
108459
261444
58231
100478
464398
120879
474111
84931
244977
272274
12399
19107
175107
7127
241843
281894
18604
366196
368275
184042
263803
168122
128827
135634
482924
56981
32677
157402
496573
