145
100
15
10
29
1
15
36
50
13
8
4
44
24
19
12
3
8
38
24
5
32
2
44
46
12
13
2
10
43
6
26
23
10
19
35
9
19
15
4
19
25
14
1
8
13
18
8
45
1
11
5
4
28
15
24
29
20
20
1
20
8
2
9
7
9
31
42
4
44
17
1
42
10
30
5
49
4
37
4
3
45
38
42
16
7
14
2
42
29
15
47
48
37
9
22
25
26
14
22
4
34
43
34
25
3
1
9
3
12
46
40
5
41
42
8
25
10
35
47
2
4
25
21
38
4
14
44
26
22
41
40
22
3
14
38
50
3
20
3
32
4
46
34
16
11
41
