144
10000000
304760
2276494
2276659
1864408
1834556
1629254
2325214
4102739
2753436
1461732
1268233
2686858
3409472
2754085
4986749
1171178
740304
3105947
1517047
3354815
3956806
3992889
901
971487
1966296
759659
3158890
1148089
3020133
795822
1807319
3230473
3373266
3146900
2839927
227011
499698
410131
596810
606619
2000197
1987206
1773724
200681
1315473
2344060
2182180
1290058
3090774
2526462
4872016
4848421
2770381
2677798
636919
4937657
366754
491298
3407577
768130
885292
4417019
2057293
344955
1964898
1824786
3069443
577851
1688789
323392
575963
917502
1741320
422736
4558932
2241201
561015
463889
367971
4924637
1857669
3562821
3212695
3559205
4176348
1817412
3978862
182095
2744766
4866488
3453505
2389289
305161
4148329
840310
1614287
2434811
3969300
245697
803030
2652775
4368691
915523
2489684
4649417
3422380
292911
180307
3358877
126846
2470219
4373576
920951
2191647
1716486
2978062
584285
1894613
1053655
198990
1361647
4999136
2581316
4026476
689247
2858190
2309193
1789958
434283
2574141
2421782
3010888
3975793
187312
2397494
332108
3029423
1577637
458420
1639963
2003927
2993283
507686
89006
