138
1000000
444671
30052
98475
88365
387603
338721
493369
59915
308886
385195
217022
46456
476147
166818
192270
187938
424877
88439
439206
244960
202102
81879
345
84043
187850
370048
189558
164831
49743
69964
191600
323897
354321
412253
36741
423962
389042
132302
66050
326317
336097
287663
225771
71176
21173
307660
203696
35874
246635
393879
180606
462076
284751
346419
272435
5157
6628
15794
145821
131983
27590
277364
54117
479234
441059
306809
156254
305852
28398
201294
37450
303972
29771
369383
190583
223189
137345
166100
137559
403118
56076
31113
374092
30573
216847
234975
152812
232213
459420
8998
9132
291928
267482
488606
427114
280958
105645
366023
401690
16077
238800
454366
282062
199911
141375
291546
89853
3575
496877
114743
97178
201627
182557
131554
184867
292034
451479
26469
297058
147657
20198
228904
36714
62476
386558
406210
361067
492248
81076
260575
198179
207968
134205
74902
304737
47932
69748
414973
