144
1000000
273044
406212
487937
31460
308271
126804
62992
205488
42253
278748
94981
38944
93371
53544
262294
266352
140265
269505
131653
8910
283384
32368
410798
257089
265613
76543
238973
397093
295414
143710
410161
6159
457720
333222
46324
172113
174296
78850
142233
214146
320473
199692
188112
14849
122695
85221
116738
355118
107975
384621
228120
220412
31748
168331
496652
161806
10131
494562
220056
44565
265011
367712
179069
155663
131480
256160
160017
193233
157037
392919
235987
38127
255903
134726
62576
48731
190167
342132
11513
350783
185739
422227
132673
161662
405391
89035
63586
282140
413386
225003
407744
26404
271851
283995
226910
64403
149361
460715
310567
318718
65505
491800
50064
165
51729
195844
219485
128551
457562
392281
171724
11975
164640
98194
94138
403050
431263
113056
404600
121836
124696
165942
223287
194560
51764
182832
181891
311786
468083
123705
96391
244882
226015
39167
233652
175869
400841
432759
133557
267206
4752
253363
223447
350521
