131
100000000
6920697
27154990
15523220
7123725
28175
39742792
8651070
47494482
20872250
19360619
36726400
25131856
1577443
2949509
16847720
31342606
8120227
26638422
19898940
6654933
5598899
43912943
1225272
10243187
49894785
49425922
32169824
15219215
20179160
16356305
7957320
44084952
46754647
12545012
23703883
18031580
39298736
408252
10020035
28316066
37181031
1462579
19542181
16469602
48048365
22736369
19834355
23077750
30296343
34599155
42461887
24459598
12081006
17220443
29438303
10798564
9381201
17734588
43853544
6977199
23536038
15496671
9413470
18993516
991041
37527834
41455748
4227812
23884986
28008898
31755881
5672108
1765206
6751133
31562632
48518589
34945663
26457485
30607479
16282422
7090618
22381765
14035307
24019429
13654893
3693650
40632056
26430278
49457449
29232965
30142281
17548867
6931772
47597685
2758592
49571382
31532935
19538143
28439085
17962055
39501563
31073607
1140475
45420617
38660618
16137783
5987962
13678898
2545542
14894426
34502527
39664626
3740327
11951300
45466870
4108265
15905454
3391918
11483195
37154097
30302342
45533617
22955884
27498845
1315353
43912981
27565212
33964538
46200806
43142332
28932067
