145
1000000
143270
94205
289745
5824
148048
357177
494850
121916
78273
30813
436069
235562
181266
115580
57928
77274
375920
84892
67855
314011
17792
435787
453316
118226
168518
37104
117028
428184
58515
256718
228518
95279
185900
346870
97469
183391
149351
38452
189427
249609
163465
3761
75362
122855
178251
76384
449215
530
108781
230663
65589
279153
142449
239059
281701
192779
233458
7886
194114
73133
16626
101924
190972
99026
318902
432827
55783
434456
161311
75
414768
113736
292968
40326
480663
32601
364265
36825
24341
446249
373667
414856
127819
61289
132278
39945
247786
283389
145909
460340
472790
364409
80113
218512
243287
258858
475798
215352
73486
339147
426412
334645
270951
56263
28103
81819
28497
111615
451994
391414
59297
401564
410058
75928
248348
123156
361963
462007
10067
32969
247540
9210
390848
32152
135002
439310
255325
232787
404718
394171
238647
21140
137477
373101
493304
28373
190516
27735
316944
38586
450913
334228
156881
104388
407440
