143
100
25
38
41
24
19
49
18
15
33
21
6
20
40
34
44
28
6
4
22
1
20
6
5
5
40
20
29
11
6
17
19
11
18
17
12
15
5
45
41
1
23
36
49
10
22
49
24
1
3
43
20
14
32
16
9
1
28
36
28
13
33
46
41
2
6
22
30
10
6
33
30
32
50
12
19
4
34
31
28
42
1
6
17
23
21
19
46
2
9
8
1
32
16
12
16
3
46
7
3
16
15
8
7
48
46
23
25
20
8
5
41
50
3
3
28
43
6
14
26
32
4
4
2
27
6
35
37
5
31
6
14
39
2
25
11
7
47
40
1
26
26
48
3
