137
10000
3029
4839
4573
49
2805
3906
4239
3701
528
1988
541
3886
3365
2311
2227
1322
2293
4993
1300
2285
725
432
3646
2370
104
4755
1833
155
1590
3587
795
1506
4197
4115
1792
4508
1920
764
4000
3691
1754
1571
735
1025
1814
4064
4301
4432
1681
1772
2532
1725
206
2271
1585
874
2128
4751
124
1728
4509
2
3779
1103
3937
4777
2125
804
960
368
376
2792
1629
684
715
142
321
941
418
4320
1428
4525
2275
3672
1955
2313
2258
3231
4789
2957
2701
2726
4300
791
1116
2045
2266
3069
1325
3255
3471
2674
3020
1641
513
2756
2230
1208
3888
1908
341
3250
525
1377
1099
3164
1916
3311
3089
2659
1633
1901
2401
983
482
4623
753
2133
1171
1640
1492
211
2867
999
2662
56
516
