138
100000000
2922818
18101346
6636880
14536724
41929289
20406421
26463675
5549205
2325316
31451143
19471345
218816
18757466
24396515
46321967
49251106
23784811
29313037
11650715
14797894
28814895
8728288
48824819
33503177
35537528
17626234
661107
13948145
15484199
31624124
5911077
3699958
34356185
8323843
18259894
32723114
757631
9813674
7712271
6486768
32882777
33814255
13564749
25542578
26558845
14200718
22780764
42427534
26529701
28316808
17308760
32948997
23443992
13988860
34397010
24258482
20844636
36393
10370864
21452708
13888148
7103763
35191762
32072890
11222443
10476021
20709989
1332002
29223824
37571959
43493113
37885821
37989356
23795802
34676041
9673087
14657375
16175584
48678159
27853371
47479138
3104633
27367654
35796566
6720934
21907962
8222412
32220904
15197105
8194871
24506579
10983113
32991862
22074863
12245883
33416316
25556786
27817673
2193640
7144634
39294545
37349163
15286131
23401350
23105066
10938699
29561373
12305832
16861686
10760314
41041320
748192
3044043
20582154
4599878
17932554
15585243
41309782
24974753
23165793
35451020
18858831
48596603
114943
44038373
28287991
10536265
36260989
11368092
27636743
13325381
33921323
9026396
31584963
48463487
26289152
27507537
1317151
