134
10000000
1357650
4933025
3762240
2211022
3113255
2376720
1171698
2470208
2858375
1474267
2641282
3864649
629197
725639
4005446
4011996
3517369
4645965
647342
2633056
4954299
1220083
1664435
976282
3267705
3292791
75765
4758739
4772310
528071
3756332
3215942
1882742
1374357
304491
1194031
1310087
95021
4282914
378352
2505319
2653458
2436703
667670
123177
3803326
4520287
2426405
2027360
458546
4003171
1530880
2474082
3434469
2102360
574955
3655170
1576995
2571017
2015641
4719730
1375363
2334749
3637802
2370190
363997
211581
3993836
708199
4109743
344110
327023
4214297
123182
286582
1867403
3107816
2671121
1035274
245872
1377467
3233239
1070873
1842625
3714810
3140726
891292
3970550
230258
1251520
3363816
3916866
4897636
55178
4151227
3453554
2536079
2010406
2692405
3124230
437018
390095
4163539
1034574
67247
3200330
2354236
634305
1927807
3882577
1525295
4935096
4835991
4361650
2280202
103916
178187
762539
460873
783328
296980
974612
1339703
1259833
3444540
3288
1001308
4408236
3073924
3485910
4132060
4355637
1780694
1235702
