136
10000000
2500565
4278722
2168598
104000
704399
2869286
1993171
3540112
3659427
2390042
4970928
494935
1633562
3277843
2917516
202938
3468288
696449
1292
4993115
1712088
4674879
3263583
979333
3141052
2589684
2422126
2762362
3184224
703702
1471639
4434588
649854
2618171
4219729
2400532
661662
718498
1614416
976677
2206366
1971685
2831645
4437350
3825742
4585283
2181147
615723
1297065
280881
761417
3304744
19337
3874664
136771
4753055
1453511
1703736
543103
3522022
3918447
2906595
1477045
275369
685287
36226
3317498
2109283
2396945
2022538
1028970
2410100
1270201
4586958
3053692
359629
2373082
13406
2120798
3358389
806905
446634
2473689
2640436
3639894
2694737
3204773
1506335
4424072
188175
1849220
309858
677272
2612591
2083907
1715741
2012679
261693
2394024
1506154
1353460
4910551
779878
4385364
4690161
2896629
3662832
719787
2993328
1479372
2083751
3936537
1381102
1520499
1361642
2249220
363797
4807731
1589855
2408320
2419714
4238967
739649
2597937
1387514
3475033
4267761
453870
814594
2007882
3383455
2795949
1943249
174207
2927145
3260777
