144
100000
7962
6454
984
6513
10387
19374
10099
16287
10203
2594
44865
41487
18532
48177
7652
9813
23181
8687
6772
37893
49690
4445
35641
10448
29850
49350
12978
6694
5390
11462
31823
8131
17376
9189
3338
7335
26147
6727
12363
7846
17616
43381
23300
38407
11282
10971
38499
15929
44655
5428
27252
11649
3663
9167
17895
14691
4624
46433
26503
11501
29889
15271
22678
37318
14154
15501
22092
39245
42773
42385
30211
14638
32315
19551
35697
1784
32471
6958
49820
48474
43882
33971
381
31118
13868
10
39321
10101
13994
13818
10358
12887
17193
20750
39665
29506
34703
18885
22348
5453
24128
19794
16524
3600
9649
25477
5380
35330
15178
4028
33299
11871
27188
35986
3882
24246
35584
22624
21219
17587
46491
20495
16759
1548
46581
23694
32252
21632
14389
439
41897
12752
31048
41429
9337
8015
5302
849
33821
14638
29061
38991
5346
38238
