143
1000
479
9
287
262
224
99
218
153
411
226
305
149
138
378
429
40
1
19
11
340
226
155
176
323
92
18
294
59
155
328
322
278
354
35
207
242
1
428
429
4
48
366
329
5
15
394
357
84
137
500
15
133
339
182
153
283
65
72
231
382
191
345
91
282
330
211
74
247
289
105
297
17
57
22
181
128
498
258
80
288
66
319
345
11
486
302
107
327
151
493
152
16
150
192
332
366
125
122
58
289
111
294
240
138
493
284
153
5
60
352
159
220
340
55
176
78
428
174
441
273
110
41
62
105
12
299
84
426
74
77
9
6
332
430
71
419
116
396
290
237
494
369
273
