134
100000
2022
23613
7967
2258
46249
16786
49493
20837
41579
5506
12753
40401
1024
14082
4235
25875
49702
5
32301
41336
15583
30529
48827
7355
19015
36764
23614
19209
22913
16011
5446
25449
21573
21688
45234
46380
18478
35872
1499
43668
15392
43091
2094
37845
9626
7031
29404
3214
45
34546
2600
25647
17539
15659
47596
27862
28651
47400
5300
10879
15290
8633
27547
35655
33311
10927
13082
45071
17014
43948
14411
4846
2126
47464
65
1199
45518
31932
33961
29854
37873
25469
40027
23938
26106
28800
28468
14236
18951
8728
31951
6162
29618
8537
16026
22346
8336
1650
39906
26645
36589
43059
5022
43711
9719
38519
23376
12831
11404
24165
18504
40562
937
14346
581
11583
6438
11279
41324
10692
43022
677
18556
11741
14757
39811
21271
14782
25389
27488
4924
32685
38715
41362
