143
100000000
36902909
25511526
8944221
37505064
10957
26152055
32884208
22808750
17371936
23368018
11153720
41786928
22602311
49241031
2469663
10469084
3248706
2097321
46646118
14622769
27559016
15486548
14222662
22891343
26752755
47032474
7698749
15545985
410604
26859444
3184465
224155
26417388
8974681
2225566
7847452
35693996
26913079
10777461
37914521
2970972
24567300
4467850
15288767
678288
10975968
30714321
9527917
16514330
31552462
4199442
4698169
13946064
33110081
27182921
30514639
47852121
37572358
34288606
15878502
28750848
989933
1000877
593955
42110185
31996153
2611093
3513218
14832021
37799008
6542861
3980110
6332053
1760237
30010569
5084316
15576798
41646352
6718802
15862463
1761130
43747431
3255258
11724562
4066949
25570401
48400955
18824472
47872167
34480365
27879392
34423407
28850564
3254273
31666833
31124337
24846290
20047832
33805924
24449163
23092690
27386472
30977127
22214782
34374185
20117578
15207968
8570055
42815472
27026053
17434192
8804277
316736
13837422
24789008
41567359
13056220
3884700
18062315
34152904
38589981
37700289
27044182
9372556
25361176
12882161
39609138
41421348
4520011
16119968
35875127
45854440
46275257
17077256
26472830
6546205
49637446
1014969
23674532
11474140
36781912
12831489
11481798
