149
10000
5607
4437
4959
4038
1303
6025
1210
6466
1858
3274
6724
443
7461
381
3904
1709
2892
5475
6168
1110
1533
1375
1941
741
4479
2915
223
735
1101
562
1392
1541
1589
4428
3445
1785
5448
734
1710
7498
428
5900
1035
1480
6928
4132
4809
3197
6558
3
4661
1088
4888
80
5370
414
1376
1773
1229
527
4386
7411
697
2539
561
5629
270
2729
7168
1281
2900
4371
2202
5594
244
2609
5621
6547
2589
2656
2763
2192
5895
459
7046
2221
5224
2944
1231
179
5962
903
2565
2772
3832
4105
2139
541
534
4426
5684
4908
6042
2832
3442
1684
2818
682
1911
2849
2620
5422
2279
6449
1524
2234
547
5191
4843
603
1075
268
3947
6498
812
4580
7100
5574
3221
2768
4552
1741
1030
2577
1435
1828
1561
2954
2108
1791
1686
432
7391
1818
1020
797
4525
7318
597
