154
10000
2108
5765
4550
6110
2257
1201
779
1885
5154
2747
7181
4735
2338
4273
1493
1415
1926
2024
1890
90
109
480
3645
1642
1565
4924
5421
4595
3913
4846
5266
4791
5693
474
2164
3823
2029
2
1231
4128
2292
1326
1051
1041
5846
905
2721
3891
2837
3392
3850
912
3394
241
5064
2523
1252
6407
3743
6355
4042
3641
912
2206
2381
1241
7039
2698
603
3427
3141
4912
6548
2599
2624
5088
3888
2223
630
5673
6216
3705
7228
5302
622
2440
1068
3694
225
6077
3144
2598
194
4584
653
2469
3452
4235
3014
4449
2710
5254
1333
4931
1971
4750
266
278
4124
5209
3284
3029
2995
1713
810
1075
1346
4001
962
20
51
2520
3367
214
2629
585
1675
393
1742
3420
643
6716
6625
796
2753
2983
4335
1344
1513
3756
893
545
3639
846
2089
735
4920
6874
5450
3377
4734
1287
5551
349
