155
10000000
1106664
3730873
4264412
2097693
928316
3863115
1792809
2823363
6393754
637745
2305334
4364875
6250167
2489298
1479764
5617096
2737229
2644287
6290400
2535132
378980
3378875
5736419
6312260
2006142
4989082
2258405
2301131
2856891
679371
2202872
2014258
1284467
3283883
1441397
1216339
1892550
2780262
7096316
4530434
735442
1649789
3119025
82210
1497762
4368756
1434886
1687412
3625918
6436099
2233405
7096465
3606246
492837
3627728
3421961
1759858
4877770
2651211
3396501
5694
1592
6447001
2237086
1804014
6868039
965041
4524372
614248
1489250
1398350
7105607
4762878
5430771
156293
4698991
5851232
1922243
1152453
2875411
2793471
1133989
888643
1319594
3131961
2035013
2624951
5963791
544949
5349133
761177
1043453
1235795
3721047
3226046
2410622
980508
123422
5088166
1868215
586413
3991818
2639533
5906619
2182210
384338
157164
2519852
2337381
1656562
2035111
451585
1448894
566370
7178269
3561602
370958
2744559
4382904
5122230
3563901
5635125
285707
5114166
3011518
3434553
116158
2619722
4776728
4577860
840686
3710300
4649275
1393340
6008182
4101774
861424
5693741
4570183
602404
4802190
979698
480901
1696715
1963413
2199583
6374082
1492399
1203311
1872695
2891229
4994727
5699843
5323808
4885834
