153
10000
6294
3025
1388
1115
4338
3910
6264
4397
5703
3214
2196
1719
5
1827
583
6343
243
2308
814
618
10
2752
1219
4158
2835
1061
5830
2646
4897
2354
900
3151
1709
6392
3657
1659
2577
24
2075
6695
729
447
3926
4917
4910
422
2493
1713
2136
4
7105
2854
6693
7032
7365
2199
6972
1681
7354
2895
787
792
119
1264
1428
1443
989
3556
1575
2654
1378
1054
4072
3501
1609
2419
3332
1501
952
3638
5103
748
3310
1627
3706
925
831
5808
5547
4308
5568
6703
1257
3835
5512
661
6611
673
1558
6157
2780
2428
196
7116
980
6977
671
1440
91
3319
4867
5546
2454
2968
3282
4835
4303
3795
2455
488
6339
1738
6969
2443
5657
3197
223
151
372
5397
5842
5207
511
556
3617
5419
3297
85
4603
1780
975
3904
3943
1797
180
560
1927
2295
4971
2649
2635
4454
53
