158
100000
13483
34709
8955
53063
41160
38193
10427
16555
46187
11665
1797
1413
10678
1150
59224
15523
31468
54999
31653
7555
10258
24457
45909
68268
8899
70994
14425
59197
48905
18456
37036
28619
25919
15009
4842
26383
69517
20629
29635
7116
29680
60911
1373
34624
3508
63125
31580
35477
6784
21473
53619
55258
38691
21054
4818
35602
34176
26857
15824
45843
10216
52210
28662
22846
3142
46811
5873
8114
11952
32518
36160
28057
42144
59698
9031
53813
36875
4128
47790
41
23625
27450
41443
27298
37757
58918
49668
7987
8596
28340
19915
11942
51496
3360
41539
59962
2118
13484
45501
8051
25714
30483
36675
70372
55127
5214
23362
29049
40837
28911
27984
25246
16685
24959
22508
32888
51780
47955
5709
27513
4006
4008
16504
1358
34185
27955
996
3427
34567
8195
43710
48515
23199
46592
15177
19972
55736
10809
66611
29755
967
35915
73617
64085
23310
10305
8430
13421
6652
12692
5549
29628
68992
31192
74962
41199
6330
15368
