157
10000
5787
3266
7041
4830
38
2421
1627
5754
618
1205
5200
4524
1964
7229
482
3320
3461
3883
5767
4904
5473
873
7446
3119
792
491
1802
1875
2761
2169
2153
1549
1313
5968
351
4415
2243
2001
2799
657
5319
2502
4753
2522
2119
6117
1508
2771
738
1408
2197
2742
4010
7102
7253
3026
1418
4233
2238
2649
280
904
4324
1164
110
3591
1189
7351
2632
4
846
1851
2263
1359
5525
2806
2784
343
729
977
3922
3244
855
985
1755
4357
2502
4032
1431
4753
3534
1069
5425
258
139
123
708
4681
3941
114
1560
164
5824
3201
1356
4934
2035
3948
5091
107
3422
1760
385
5888
2227
4137
2394
5247
1583
1274
2950
519
3628
5643
2110
201
2974
858
4085
2336
364
7498
1165
2114
2298
5954
1144
4880
7050
1951
2152
5585
5258
6756
5868
5028
2853
2314
2627
754
1707
598
2867
356
4345
1474
4143
