148
10000000
1762928
697958
32560
307830
4908384
306090
4528562
4410340
1448452
3660983
7181573
4808195
2694965
4653289
2722122
5997154
308726
3648661
942579
2992154
1763488
20322
2053616
4710746
6242414
78789
2696504
4193328
2701920
2467650
6392639
31605
6351339
6277671
4040427
5661585
4120822
3507591
3442623
1618216
1666918
555827
2442076
3443955
3700235
44074
4946329
359745
3067200
1223262
2973721
2389696
2068173
2313428
1852531
3041055
3867145
3111
32534
901362
2443812
2743509
1574321
3873360
5314177
3937361
1626085
4775009
1192342
4109340
950675
1103691
4681675
2163480
3755976
149245
7286271
3574801
792442
2190240
2102262
4500480
6390246
835120
2973105
5140016
4406124
5593876
3448860
6556045
973534
3060030
3156818
3145848
1410221
863777
6126640
1405651
6597213
2726056
6307412
1736290
3402212
1568149
1254679
906683
119360
3361345
6815258
353116
3402787
4515338
5890660
707455
3326544
6168659
4069790
4617216
369165
7015458
2745977
2335928
1726093
574589
2232788
1682713
2947080
3590741
5547851
3831341
2707244
1355733
538442
4536277
673169
563739
92550
6557377
3497175
3956277
6144369
4281881
1781663
5727883
2948948
3351270
6958945
4275470
