142
10000
433
3214
3049
3003
2031
2531
610
3582
3594
4784
3887
4302
6112
5686
3321
3330
608
2634
3011
4542
1278
1395
2042
407
3443
4137
2265
2353
6679
914
2660
2789
3698
647
3341
2609
2759
6840
1239
3486
3169
4423
2037
667
4765
1704
274
215
3227
3805
3193
3414
2886
5406
2799
5698
1740
6406
1020
1610
4919
6557
6349
1776
4340
2850
2222
2229
3012
1395
2999
1530
2042
4796
6586
7391
2274
6997
4072
2643
3718
2787
353
3912
3174
1265
3515
3150
1129
2626
1441
7201
2887
4988
2558
3581
375
1776
1315
3894
7001
2724
2166
7050
3967
2041
3681
5216
908
1559
5026
3426
2973
2555
182
4207
6654
5049
5012
4754
5577
3317
530
1007
947
4346
5443
4433
2
7304
3443
2950
1033
2677
443
791
5514
2133
2471
101
6418
2642
