156
1000
36
138
45
198
522
113
136
71
674
456
140
313
689
554
372
504
120
147
482
624
247
54
340
589
87
383
307
49
256
628
54
636
583
123
206
376
48
230
153
232
121
178
590
279
324
429
350
705
453
401
166
11
88
137
560
77
276
430
284
96
428
437
264
195
473
16
175
430
365
387
546
204
40
149
109
335
440
372
128
5
134
67
16
570
345
364
359
393
318
228
83
305
37
296
1
106
124
287
547
450
295
284
351
215
53
63
389
113
31
375
135
85
729
519
565
279
660
165
221
132
158
84
92
197
377
445
316
147
633
102
555
207
5
21
261
40
17
219
292
218
553
349
486
341
212
443
646
623
657
110
21
315
430
550
108
713
