143
100
56
39
14
57
1
5
19
35
27
36
43
28
34
74
43
16
5
4
30
43
42
24
53
35
63
60
47
24
1
52
7
1
40
14
4
12
54
41
17
36
5
30
2
32
19
17
28
2
25
48
6
8
48
42
28
46
72
57
52
69
44
2
34
1
35
36
4
21
73
57
10
54
10
3
46
8
24
55
11
21
44
66
28
18
67
13
73
29
27
52
27
52
44
5
48
47
6
45
51
37
35
42
58
34
30
31
23
13
65
41
27
25
1
13
38
53
20
6
32
52
58
44
16
25
42
20
37
16
16
25
14
69
40
15
40
10
35
2
18
18
56
27
18
