141
100000
46502
15435
11422
19724
39251
44900
22075
33439
46073
6806
20425
64556
19054
64017
39477
31259
17519
9748
54892
6674
6491
55100
32529
16924
38846
1951
11441
10280
20
4941
58120
70124
28287
72116
38550
20717
52552
23922
1560
36332
62380
8147
73659
39518
68780
36008
12968
49572
16557
29898
22156
69264
54599
3045
43599
11699
25557
31640
49763
36860
4214
35942
31804
57318
23848
48878
48090
63140
10556
291
20302
64181
15630
4606
39607
43450
43763
8457
49624
22808
57387
31257
5395
68196
35911
30424
58708
27884
2823
9472
47764
52025
46700
50376
36125
8636
41292
7503
48954
66561
54828
5457
4299
202
41940
43908
30191
74958
67800
4131
1587
63296
3926
35983
24217
49168
35955
31812
29576
66362
33096
21803
24867
10778
8776
29149
6809
24504
53927
32718
31220
35444
12076
28181
2124
61993
20538
3913
15817
25042
38007
