146
10000
5488
4253
6634
3366
2754
4357
2825
713
214
2734
884
1338
4921
3965
5018
1612
4053
2605
7488
4200
358
4891
2512
1929
2550
7175
3585
122
6201
1501
5947
705
3539
1104
5466
1356
3273
5902
2822
2065
2134
4352
4234
4344
3188
4555
1574
630
3212
4951
4447
1048
2700
4513
3744
2356
202
5507
676
995
3446
3141
1295
5798
2830
259
6940
1141
2121
1149
5346
1128
5
1149
4082
1195
648
7040
2315
3648
2764
4668
1353
2844
265
2140
1534
2926
4428
1787
2957
6273
2960
5332
3784
2944
3197
2510
969
101
6035
4723
5918
3855
2212
2782
6008
193
2407
1543
2631
4430
3098
2345
1835
3891
1196
4587
842
473
2463
4908
184
1110
4483
5808
6814
6859
6555
654
4140
3367
1268
4032
737
6690
2818
4374
281
497
2256
6485
2016
1022
1699
5277
