145
1000
4
543
29
165
198
547
32
246
536
185
459
644
196
575
258
578
432
732
422
23
649
160
739
147
185
195
48
315
351
634
464
605
54
710
229
201
366
251
365
470
61
147
587
309
110
396
7
221
61
138
6
28
78
456
524
320
747
262
19
738
545
232
748
134
127
696
191
562
356
126
283
720
100
566
717
145
171
107
513
481
672
10
598
87
112
155
41
193
670
395
76
282
35
171
172
211
177
494
415
387
47
44
357
694
47
471
1
35
544
394
99
224
229
456
544
75
23
26
428
105
402
176
572
338
470
140
523
14
139
652
181
710
506
211
685
192
198
242
72
240
93
535
462
207
167
