153
1000
319
68
82
471
217
544
51
717
492
258
369
243
307
630
12
16
18
283
243
248
424
465
16
52
713
69
173
285
474
723
706
93
205
31
693
56
215
684
39
191
521
616
231
183
269
30
116
569
204
68
211
292
56
612
548
513
184
182
187
191
245
239
263
69
316
340
290
37
97
457
86
286
102
728
200
4
248
148
23
59
325
489
283
567
336
6
446
224
253
85
577
167
95
97
566
81
631
45
630
547
287
585
304
240
53
498
440
272
479
310
444
742
374
172
231
660
559
1
34
407
11
147
447
59
9
139
318
415
496
434
475
33
97
264
484
690
70
521
464
578
371
128
628
543
418
542
132
192
130
103
159
2
44
