146
100000000
34668235
688600
36821812
11168583
20938916
55090468
22446649
12004015
25127063
64453290
7820784
60646006
39353994
24123420
72452569
43961528
41136728
26165353
27569727
69275771
34409793
48002656
28847187
7112093
8338786
12368481
20172229
38325014
6182079
54891226
2441873
58650871
17635331
3927915
66057962
27657624
6118032
46868102
17867891
27194851
26567176
10316339
17339805
7228179
48198586
370429
23574962
38842009
33805145
8838654
5574498
19984952
43522660
45943309
13498205
52771744
44188168
24339720
36484578
3181927
13398100
10677957
58863272
27086474
43953852
45108774
2048085
35219
66194855
759349
15477206
54280517
4568617
46310304
35577501
17231092
25394893
21176900
6833587
21218486
59731661
56046148
74376953
46443738
10830388
52054018
50177852
9264087
39144191
25223950
790069
13851326
47539474
5628159
36797878
12373675
9868523
49792943
5357676
11166167
8559650
61674986
52474668
66920047
21233819
23048856
15101258
54363468
29598622
51814180
34456515
41692407
24006877
29859521
16739897
1507769
1762848
33298027
57751008
377927
3686886
42248992
56038472
16398615
73834647
11893670
3639667
35646665
14328224
73741895
57945381
5024286
64031590
64939125
14889505
64344058
58307593
30222105
74872937
20353027
35011122
67316930
10648236
26971804
33318667
47895083
