148
100000
43879
19652
3174
36551
5852
6914
24967
14645
2673
19321
14620
36809
52289
65846
56121
12069
53721
4455
35314
37684
70096
48005
57970
38954
20616
49016
57666
18536
13370
26671
65425
6304
3454
4684
54568
46864
21451
35982
65335
51518
39918
22880
7867
6556
1454
1848
29443
62269
30454
20096
11439
4906
17482
1278
68436
70557
62316
7922
21142
35197
37112
10016
1009
1783
9215
4568
54379
31992
38566
15802
42030
15530
48499
8625
18773
43865
51669
30235
25231
50
26079
40387
44128
54850
46618
34154
68465
33815
1848
7462
46699
24276
58239
12764
12924
18898
56345
29904
35553
42878
36397
42685
27640
40249
37409
33355
4299
3689
66124
60082
7616
27956
61371
28918
30138
1426
10623
8599
9711
20117
40067
33876
28495
23416
28012
15519
73996
5162
29458
2127
35022
5720
16064
68073
39496
9438
40213
31927
70796
59676
3588
48240
29204
42670
41761
50500
30633
26711
