144
100000
17504
62178
30269
59267
39958
70416
2868
1053
35828
10382
8982
69753
35305
60949
28491
57986
73602
15241
23246
67247
26602
31622
44158
68131
57776
12929
24424
11286
13083
36030
43
4425
14072
5605
6146
64
22342
26026
1711
37745
5089
37602
26398
42659
2194
20483
36258
66109
65870
47465
56292
58949
31309
1444
41051
63310
22829
33573
20264
31869
41249
17927
22440
16126
1897
6672
70132
46668
59497
34724
26944
10127
4270
16198
24354
71242
9983
33008
10636
71117
5728
72778
72073
55772
28758
37330
59253
17225
31521
3717
10089
48246
50569
47014
4138
59208
29584
20519
11936
34105
20006
74139
2869
38535
29849
23667
1974
74358
21842
58400
5088
29308
3190
24207
8026
12181
613
6163
64714
10686
36690
51754
23739
29041
42014
3819
18122
20808
34434
35479
1838
41571
62970
40733
28883
45912
71397
27048
25642
47634
50237
2367
3677
23840
