147
100000
50576
60975
36639
54206
33001
2437
50410
62855
1468
56092
61346
39025
8633
34064
49886
743
31341
34707
65936
45331
17756
17107
29120
1573
58954
64329
35708
16546
40414
47514
12094
7852
11406
37245
37808
21638
55837
1959
20153
58587
21564
1321
19855
36173
33152
325
24664
20670
55791
446
41024
9662
63281
1479
32112
23717
10731
49590
55768
9095
4908
6428
5560
67888
25506
15689
44163
2229
31235
38262
34406
1945
51619
41314
16662
60844
4910
32468
36876
63476
20270
44232
20540
17502
28129
38835
5021
31583
9
44646
4750
8606
238
44209
13938
18426
18067
48560
45794
23799
20388
16139
23036
11683
22886
32098
8224
37669
63115
27587
29103
28943
47879
63361
24833
36163
61165
11660
12679
61800
39941
56678
63318
3150
70311
7306
2111
54452
28257
54669
28221
13029
41413
65281
31186
49424
8084
35275
8408
56135
73390
28180
26907
8232
12992
34391
11615
