145
1000000
37499
116270
118476
469023
531505
113469
746739
429
619512
11129
152721
497272
287762
283693
164229
502293
417844
382919
349878
351736
388701
136962
340387
259297
267804
351532
120748
17420
387390
119392
716307
51672
495353
467626
100807
495121
135290
253261
140677
261984
33702
361095
315897
291787
130371
349351
17878
578524
113755
375202
319129
309694
64995
451694
151059
717503
648468
715590
534795
31785
442906
322998
322708
227963
51150
166169
492099
192928
82001
61423
7844
275965
348683
182557
720824
202080
501086
360822
284410
111823
119302
268151
714131
170229
421476
746472
271121
441479
386827
565657
287859
612623
351669
45224
498914
229553
123356
282497
147919
558634
18656
142214
104519
269155
13442
118757
680871
217054
562739
266483
678409
58447
321591
140093
516986
552064
577638
548101
738016
649329
149633
67390
167393
659613
390893
363466
272288
29757
154052
392824
62130
169758
611299
31783
420642
434343
251562
140186
478736
213031
73011
279144
480343
730845
25379
