147
100000
24725
2801
46149
15847
20935
61015
20131
22922
35820
19634
30245
31196
55544
22669
4586
25114
29476
5618
39552
50061
11892
39465
13266
6969
3331
69200
12607
30607
4139
68446
24435
34119
17212
45711
1350
774
4466
34832
71423
9372
52
58357
53149
3110
66346
32700
27730
5508
5382
44456
37526
29727
30555
49392
44559
28859
33912
37806
71132
8118
33654
71725
1460
58351
33479
55408
36996
27139
19802
18974
25023
63732
52858
24056
71378
59082
43790
30800
19798
28740
7190
40866
17
66264
14386
27384
54160
20609
13060
7462
74886
995
537
28275
70565
43150
2369
61838
65343
40064
19734
68913
63104
36744
72861
3971
2412
73718
4667
33866
43805
28588
11236
28344
8988
34810
65881
30886
68155
42310
28868
34303
13255
10099
46022
26282
22675
28790
3030
31554
10495
20602
29727
34657
14577
32527
31563
10931
21207
5699
29987
3176
38985
8412
12282
14000
41605
