154
100
62
62
36
5
66
25
50
27
38
11
55
12
28
20
1
29
72
13
68
43
5
67
6
17
43
17
51
29
15
10
14
68
3
30
50
9
5
23
75
21
53
30
9
16
28
6
23
68
18
5
7
16
5
32
62
22
37
38
5
52
5
5
18
52
21
3
18
16
33
22
12
25
17
39
71
6
9
31
56
24
75
18
29
60
2
30
70
16
15
2
29
4
62
48
38
70
28
36
68
1
19
15
5
23
6
32
75
12
30
66
34
13
51
32
1
5
65
37
12
1
23
57
29
3
12
8
5
9
64
75
25
22
65
3
12
33
28
23
22
1
17
15
46
25
19
44
4
52
49
29
12
48
47
43
