163
1000000
108138
9503
456240
274588
12319
134136
615996
198738
167333
196387
361266
743671
71911
489659
196286
44185
6725
43294
15346
578022
130333
289010
183731
60782
215951
57393
344454
118497
177490
626224
270934
64316
297971
678292
386465
115664
12963
407700
64489
161647
282983
89310
475745
487682
27114
30450
415123
467304
373571
200907
264178
236527
739124
649384
357088
378805
200005
313835
48815
510136
17113
61326
109927
97462
282703
68672
188969
76771
353458
115517
196574
221973
497409
472116
34562
570033
655546
59201
512318
459883
78333
89168
139803
391687
521159
293702
152530
201565
668202
534257
279186
285838
685564
438275
351737
98591
454218
329
483600
429241
489864
466380
65488
363781
344225
66767
62920
269241
495430
493510
277553
638258
140665
235424
227945
203819
557374
52808
729066
125984
140946
686165
387436
184430
564735
281226
396126
189962
29698
361742
73615
17819
326254
171430
89130
165440
678070
377171
56099
352658
150318
42522
77889
329280
503608
557496
97629
55212
270265
139122
482231
243303
702029
112526
62190
116541
282271
257102
179305
267612
268327
381009
20906
