154
1000
467
285
138
103
351
136
616
630
426
31
246
668
198
415
531
274
661
447
133
224
160
327
710
16
318
479
146
292
744
368
192
52
169
499
354
180
374
521
449
534
28
325
45
51
138
42
730
726
303
349
30
332
280
389
721
358
51
167
361
179
356
467
13
9
68
87
428
15
227
349
373
257
40
590
389
282
76
229
1
271
144
251
372
110
230
574
692
744
144
2
125
591
374
214
573
199
96
203
513
18
152
33
425
197
68
541
383
271
160
298
163
109
308
80
530
356
431
166
507
99
161
87
435
17
263
487
410
260
372
118
18
34
262
565
33
678
226
305
718
675
37
143
267
240
449
651
333
229
138
247
174
249
187
90
