147
10000
3150
4245
4006
1231
2543
3981
3507
2796
190
3925
5275
3449
3742
2980
1709
4774
2132
5461
7395
3590
3169
882
1921
6390
1282
1155
2768
567
2266
557
7267
1367
6882
2693
3527
899
138
1107
1045
6446
2892
5792
7388
1194
585
3447
843
3533
3610
2926
246
1783
464
1436
610
3
1064
2953
948
408
1866
6002
6410
1756
2004
15
5241
2744
6816
234
2351
1674
2601
679
1531
2212
2557
6129
5919
3492
4879
958
7283
1244
3418
772
1811
475
3144
3674
17
5626
6473
3158
4896
2774
6899
1359
4844
3695
2
3987
3202
5001
4311
4369
1045
5356
4644
1036
3871
607
4309
4539
3908
2002
3095
2761
5695
474
2267
2586
4710
1846
489
2589
4999
1733
3184
3554
3085
1502
4871
6305
3415
398
4081
7450
7204
7047
6120
3173
1947
18
5252
451
1344
