148
10000
5170
1583
4976
5758
1567
7383
2141
1340
2294
2552
2371
1252
2921
1498
529
322
2635
1456
6424
2666
6612
174
2325
212
2609
4976
5273
4242
1828
1840
2045
820
919
3699
7391
1564
3979
4343
4698
63
1162
1055
5359
1601
3869
4669
4302
2701
5973
6968
131
4446
3923
6362
5170
522
964
4770
151
2856
1761
4221
4027
83
246
1664
595
897
1075
5308
711
6901
1363
1636
3638
992
7334
3223
5321
326
4921
984
3032
4249
2730
7171
2056
3464
160
5751
7187
3848
1733
2813
3973
4159
5930
2266
4401
272
3099
1047
6029
5088
4692
5890
4319
2315
2829
4311
6413
610
2873
4837
2617
5123
2294
6027
753
5485
1102
47
68
875
240
5902
4830
1277
3601
1450
2238
2639
948
5
223
6278
6577
4528
5565
3416
866
3058
165
3426
1879
1145
3916
1259
