145
10000
3285
2584
6163
466
4696
57
6989
3648
6058
3672
3966
1759
1663
5852
853
4850
1194
7479
7218
5465
1050
3875
1284
4646
2247
1683
1395
3535
7280
3780
2401
3543
3381
959
3609
5453
2232
3381
6599
1
6640
1223
1865
1676
1751
2440
2913
1447
1780
2877
1072
2501
6004
4338
1657
1194
1065
3566
4613
3942
1585
4028
838
1379
4302
741
3360
3798
2968
2161
3581
1372
6434
520
5150
4432
2716
5568
2141
2840
4487
5316
2459
3517
3704
4491
387
6107
5093
2331
42
3042
3387
963
2805
6514
6125
4907
3011
4080
2785
2844
1304
2648
3309
40
4387
125
3092
1358
5540
824
6222
203
4089
3344
1844
4460
592
1351
2377
1471
7435
2720
303
1087
7156
4577
1751
828
3204
368
797
2256
2136
6958
3557
4512
2782
1338
3243
4979
3591
2334
382
