143
100000000
43194656
6720962
43705541
11299709
53599738
25658391
27991927
21805139
45354585
32885127
67114873
30878348
5048302
7648547
38718074
54566697
25982916
4464730
26417311
61094864
39102233
35787818
40248356
45813095
21727022
5420070
33345873
72361522
43266706
21814083
25397672
66654127
4652094
16960856
45302890
30062005
17758586
29148743
64056752
15533056
2378954
47394630
36375726
28970015
38756474
13132791
40265556
24402002
52412569
2651606
17449097
29349
9198727
42216900
6737958
41675935
36552727
54645415
52181819
72243673
11248504
3359659
37814939
49480795
26949837
47272982
24355418
14055813
61532918
71096949
20908723
19684004
30635706
29690132
23892677
43630193
9021477
1803061
12297914
47818181
25786091
8547681
18184843
14101810
69937995
24907921
30926745
41213763
20294995
20120159
41810191
72967047
3354325
56703945
2630392
28248763
12808691
57602850
68728890
5664898
3674827
5419959
31707380
5285663
34939771
29115938
49776384
33662411
54186905
64889909
41390196
61542772
65773263
23706867
26395822
38267051
9563574
44868341
9365667
16671844
27638478
2116229
57783100
26214984
31097441
26812338
35537681
72811396
29314876
17651733
22679510
1578057
39136856
50084382
2485740
59997589
20020016
8242649
31271110
66211075
14092441
33901054
33788925
