147
100
49
55
6
43
16
19
27
54
20
28
43
26
15
2
47
18
12
63
74
20
35
15
52
37
47
22
56
41
5
45
5
33
38
22
39
37
53
49
14
59
11
16
20
16
61
6
4
15
66
66
10
30
50
70
63
31
22
29
38
1
29
67
49
61
44
7
2
41
51
25
5
45
37
39
55
29
74
19
25
27
58
33
30
34
11
40
29
47
1
4
6
2
25
8
57
36
36
42
31
21
67
33
38
4
8
4
8
3
37
71
19
29
69
2
12
55
10
41
29
29
6
7
31
42
40
5
19
36
9
71
17
8
5
3
52
21
10
26
58
31
37
19
31
26
6
2
66
