146
10000
3467
67
3683
1116
2094
5510
2245
1199
2512
6446
780
6064
3936
2413
7246
4396
4113
2616
2756
6928
3441
4800
2885
712
833
1237
2018
3832
619
5490
243
5866
1764
393
6606
2766
612
4687
1787
2720
2656
1032
1734
722
4819
38
2358
3885
3380
883
558
1999
4351
4595
1350
5275
4419
2434
3648
319
1339
1067
5887
2709
4396
4510
204
4
6620
76
1548
5425
457
4630
3557
1722
2540
2116
684
2121
5974
5604
7438
4645
1081
5206
5018
927
3915
2523
80
1386
4754
563
3680
1238
986
4980
536
1117
855
6168
5248
6693
2122
2305
1511
5437
2960
5182
3446
4170
2398
2985
1674
151
176
3330
5776
38
369
4224
5604
1639
7384
1188
364
3565
1433
7375
5795
503
6404
6494
1489
6435
5830
3021
7488
2036
3502
6732
1065
2698
3332
4790
