146
10000
4578
1347
4705
2555
7446
2332
34
98
5173
4291
339
392
3434
2337
2963
3995
3018
2606
3693
5219
6269
48
982
1819
3464
7178
1759
705
5123
5305
4751
4733
4164
4134
1112
3762
2282
3971
5670
5626
3506
1178
763
2788
3078
4054
5536
2616
2418
1701
265
3978
4108
3298
1286
1617
3923
2323
2170
4933
3855
308
2963
2136
1572
3364
5196
488
1952
5645
6238
446
5628
2765
4374
950
982
6022
5518
5144
90
1723
736
5164
227
4770
3333
1745
6882
1008
4355
4313
7261
276
3668
1722
3827
3422
1647
119
3391
1959
4587
2
3963
7387
3697
338
5382
315
4218
3719
4402
1924
5598
2003
2468
602
630
4967
6879
62
5067
5071
1581
1933
5355
4329
334
3104
1498
7235
149
2865
1342
6037
4328
4037
4695
1399
1571
2732
489
153
4412
1006
