145
10000000
3932248
196700
543475
329417
487315
5671304
851773
6795434
117914
3475986
6490006
3832543
1429558
1147283
3897438
1483485
410282
764754
1159906
158511
3044250
4585770
3505591
2131017
2647760
3751881
1773521
863865
4147741
4056959
3749223
617391
3003003
2990700
1949942
2472752
3359195
5672241
5480899
3962597
459368
3037623
3314097
72170
5332203
292476
539961
1546061
3604331
2521529
153055
361886
647232
3136309
4419710
98759
4022312
2895067
6367365
6182065
6037254
2809334
1299362
3666028
119175
6248119
1353222
5858513
7086551
2090946
5414230
1490966
2794529
3345355
4821871
1496476
4255150
4403
849735
6102562
2872860
1236398
1894076
4740866
1425582
2501391
3653313
3164543
2063472
7009300
2446078
5852259
2151925
865271
3385810
5481416
3711287
7486189
3716458
4890428
3018024
1626290
2830109
835254
2335861
914617
2055468
3959374
3960166
2233487
703520
4253949
2913449
6067752
2418008
2431662
5870529
1687276
3632635
7104229
671852
5475643
5746051
3817935
6250777
4756107
6555832
7020771
1936094
1618173
4198789
3672120
5456359
628036
1499639
3762658
2567231
1506009
7171710
7369232
4524357
6039834
1171901
757246
1336073
