150
1000
34
472
248
293
543
263
101
257
114
324
562
153
74
528
691
385
343
240
674
637
403
148
699
192
525
90
381
188
181
453
25
580
459
114
26
279
438
125
208
155
202
181
7
481
287
77
73
78
160
335
331
665
55
299
584
225
612
47
435
449
165
144
75
127
123
230
207
43
80
368
421
583
26
406
187
117
3
489
541
335
204
483
188
263
68
340
137
1
282
54
622
512
140
116
452
488
420
672
441
489
185
565
33
156
536
406
548
120
643
166
9
246
22
38
114
200
193
520
457
334
16
354
363
202
455
352
744
184
619
578
78
344
532
243
364
737
369
322
198
84
499
462
33
354
419
260
467
294
87
266
