155
10000
4193
3506
3359
5013
3422
1159
965
1251
4908
336
123
4801
6247
3271
2905
947
2721
3584
1139
6735
3416
6958
1185
5447
1116
5953
435
5603
3229
6061
4457
6340
3795
1254
2912
78
1038
3042
5679
2583
1854
6729
5789
7
2515
6733
5495
1587
2157
1463
22
5545
1215
236
3588
1025
6167
6494
1157
1173
993
222
395
446
4802
6120
2246
6019
714
422
4047
301
3786
4125
4088
2652
639
585
1873
7261
1228
7270
1182
5543
3010
2608
7382
5651
360
1638
207
3131
706
3563
4331
1916
5017
739
4
1418
1183
2586
2887
6653
4423
1441
1743
1878
5
15
1258
858
3110
814
300
1469
278
1618
60
5237
1282
3624
96
4527
7439
6173
6410
762
3981
4724
2451
2186
6362
206
2642
7417
3252
4725
5603
475
291
2175
2616
4274
2678
739
5529
3138
2994
3753
1177
3793
2112
1122
699
