142
1000
744
226
240
594
48
94
365
305
4
401
590
158
32
49
213
239
235
301
746
1
226
488
56
636
454
1
114
410
47
515
122
591
681
528
629
532
274
409
8
230
28
292
406
539
70
521
18
347
77
510
352
251
749
544
93
587
209
389
485
585
210
599
434
569
619
190
225
240
253
683
205
112
299
427
508
411
150
509
182
256
516
132
95
219
23
35
46
254
290
549
7
400
131
732
231
339
251
136
3
124
155
454
248
357
323
122
86
471
486
243
177
52
490
512
4
24
21
357
415
155
338
162
288
117
456
518
125
381
213
553
111
450
673
95
632
38
504
729
630
699
249
705
