163
10000000
2359613
4952161
3531814
1356869
1726538
3367355
1429506
376123
2491530
429541
2871634
100518
6739355
536400
1159416
6805765
1422576
1303374
3156209
1375155
2577690
721719
3260645
3328543
4054365
3492634
1280747
212129
1268746
4192993
2545212
440683
1731911
2416127
2348
1796032
274870
6613385
3691193
814360
4948434
25196
248294
2330172
4027201
4797101
2887159
2779494
3799
1624464
513648
1896550
4221982
1363026
3825455
562888
3659412
5774903
1768773
3597199
6172698
1903865
4760311
899881
644244
3655987
1923146
1961337
2291571
6812991
3663712
6362215
1410059
455573
6796886
2595040
3574720
970268
1630949
4878461
3806007
624541
1843842
1622648
5280131
2834953
1424219
171315
637922
123600
2268345
845191
304575
838108
2550624
998312
4469605
3244288
1628179
5824912
2458464
4071665
2054579
5165925
2930257
2663148
4793987
1123248
3624232
4887590
1690422
819530
3096250
4679816
4036591
7422310
2945878
921899
4834075
109613
4473242
3757985
2524696
28821
2265086
3832331
1395928
3454279
5089468
1288922
309242
3244412
7454788
1681597
4811216
6533510
1175689
5146019
578634
357179
4618385
6852528
1006751
2762431
1038491
938277
2912139
399705
5693006
5052672
617606
113176
4145233
6987796
7124723
6611666
4719869
4287979
1608228
2630009
4953192
2309456
1115994
