149
100
72
6
56
64
20
9
7
57
45
1
7
43
56
34
32
8
49
69
27
22
28
6
3
8
9
12
55
5
35
27
17
14
1
21
32
11
49
11
41
14
24
28
50
2
7
37
32
27
29
68
58
68
13
43
33
27
52
28
33
20
25
35
28
1
9
20
30
45
26
42
52
64
21
25
65
72
43
43
69
8
3
21
4
24
8
63
15
57
10
66
24
36
74
63
4
38
1
20
1
10
42
8
40
34
22
18
67
7
32
34
15
66
29
28
43
75
5
38
26
39
19
57
52
15
4
15
5
59
25
15
51
17
36
20
33
1
9
43
47
23
16
33
8
20
25
67
56
11
23
