139
10000000
866083
6626146
4355946
3575722
1346458
5703677
6999024
567446
524744
6348521
3354231
1584386
6189310
1707411
3158363
7483203
2952712
6884468
6795117
850303
3449090
2552856
4267984
2893594
2046917
6019122
764
3059938
1170041
3236345
1745546
4955814
5503207
4089222
1371558
7391453
292462
5798653
3818942
610097
2397120
1380484
1475989
4190983
3651479
5484524
2781612
2002838
3222742
5324935
6197606
1487897
3373854
960105
3147675
7218388
3729774
1571926
922806
4925223
3000976
6650371
2615055
1272
2358841
6747641
5028336
3148589
504903
891304
3234559
5044186
1301766
1132558
2435445
3810690
2183529
5952194
3757099
6431256
303221
4346905
683008
4272345
750574
283468
3157415
2154096
577334
3852210
1578848
1466577
1866400
2696682
4723125
1444987
4674301
3250513
94944
1682261
3115532
1586292
6645769
96524
3089167
4515476
6181058
2797437
1495171
3523062
621944
1105712
3601812
236501
2184222
7047288
7366379
717559
6424278
105340
7233241
7383026
2516797
3204883
1547101
7447144
2407015
116934
2386952
3370781
3758946
5743273
1320615
306354
2637352
6814309
6147790
4281891
1234453
