149
100000000
32530766
4724753
14483144
39714117
34428965
74552751
38083354
13986583
23087685
30431446
42700558
17341438
1798144
32358192
41791943
16041412
30546862
25145361
28698242
46939208
16400056
3592486
16317912
39396013
57299442
13090854
42840244
49965571
59965854
45793237
28249267
45116618
65921119
9844276
19682681
30641329
6351004
33518676
11031830
67605844
26376841
43199470
36954260
7949273
54883382
44105849
64635724
6457
11254718
22172940
10546411
4897607
1014686
2474671
42975624
41587488
40787086
37110627
21615219
7557814
3648211
6262585
72120356
871035
17610109
69373320
23374391
28813383
11950207
43954396
29898714
23241455
6951101
38172627
27069611
60603987
21518564
34078881
74854639
63979743
6012757
41231389
50940871
56767297
3386359
25520000
3489491
7602398
19873404
44425929
16389214
21121640
25447249
7531675
62041600
19246278
48632842
7385225
6131511
14816653
22298718
8820565
28521992
37232523
16825748
42385775
37668706
39966636
60842988
38811809
62368441
41319287
52037948
59302206
24038651
28308314
46163908
47926414
65500666
27715511
28426435
8167806
31958196
61984725
67028
42001312
3899390
13880489
47225039
13862948
48450805
36970118
1404404
7267555
37286352
49937745
49026425
66523720
22599920
60039410
35419535
96684
7827740
36839604
41446351
1535222
12502825
1073658
23765272
