156
1000
721
314
172
56
380
71
194
397
132
577
148
443
625
62
218
254
190
172
659
57
387
127
656
182
542
544
392
15
278
262
316
167
428
103
46
252
35
466
325
54
668
7
44
318
672
221
12
299
286
614
34
160
4
4
165
618
118
92
494
235
153
318
137
372
574
289
174
158
1
431
66
337
298
19
460
687
215
667
339
673
345
373
328
341
344
445
188
665
493
121
145
77
342
124
392
472
148
55
588
59
91
456
164
103
78
493
320
107
181
684
385
122
16
581
33
128
34
578
335
463
596
72
247
447
204
260
574
384
310
256
29
665
179
266
658
161
572
70
101
42
244
108
49
140
279
545
396
257
410
415
402
366
184
161
340
362
