136
10000
5824
2781
6060
4958
4378
635
266
4868
5346
4442
731
5577
2716
1756
4023
5977
3428
3264
1158
2261
5784
3216
1839
471
7489
833
593
892
4891
527
5042
4268
6484
852
952
4176
3226
965
1154
4802
2654
5132
4267
237
1290
4274
3888
4417
2404
202
5716
4121
3532
4256
614
4644
3710
2319
2455
6774
4654
534
5
3969
2723
4208
7067
5558
302
6019
3
3258
16
499
3141
7300
855
2785
4801
4707
5574
483
875
5888
5438
466
3468
2658
5422
5744
175
6622
5293
557
6179
1210
4143
1105
153
4125
2356
3459
1193
4243
3940
2508
4326
4299
2354
7172
2009
2907
4324
3779
5857
5757
925
3359
2118
2282
4944
3080
2540
4563
1834
2541
160
1813
6920
7284
2675
3686
2194
5583
4523
2700
