150
10000
5017
4958
3016
5897
1451
946
5213
6984
4408
7109
2692
2554
3176
652
7274
2647
835
4651
295
5349
3292
2352
3570
4779
2047
7446
2201
1845
2462
4815
3061
1213
2440
2195
4484
3296
4317
2490
4902
1124
4582
5111
5823
5195
153
1937
3276
2957
3667
2541
3030
6430
4247
6648
4811
3811
2250
2695
2664
2389
1206
2354
1152
1815
864
7043
2944
1614
1636
2018
1219
4297
1388
612
5
2296
766
5665
4929
115
2308
688
3451
4956
4050
3671
2242
2215
449
6697
132
5071
344
6434
255
3010
6056
657
1096
1490
3031
3352
5813
3273
1786
305
2911
3193
1523
1524
1621
3
2801
1209
6490
2314
4274
2726
3864
698
1253
5850
4400
2032
144
1629
1591
1352
2757
2420
2840
3868
1080
4392
2347
1836
1881
2176
3108
3894
5713
536
3418
1467
5276
676
7305
4392
1564
3210
