141
1000000
122011
335575
440664
664425
547334
581536
397324
122201
521123
593151
465925
226515
327863
568783
581951
540195
386900
252406
132087
622404
215974
583380
367204
388026
160730
736808
100601
158537
129915
469512
131075
262063
324450
25242
559336
297520
391799
45108
496069
632796
88259
355485
736219
490210
183158
116606
201242
66766
181879
418464
38243
653497
126989
112155
108721
49625
110097
294504
459805
28325
48799
608201
224342
420994
137510
667600
1835
318590
301536
147
206069
547652
682714
343645
197821
40375
731868
530488
260981
419399
304210
509750
385582
104544
239386
216866
28393
110004
452666
216334
416615
195508
634078
268132
291729
191336
135232
56243
185968
34160
625422
580601
269132
218528
565715
263192
439044
139960
273042
619758
553940
385706
611974
650812
189075
226101
89160
19569
46485
115630
503931
182764
346503
519851
100101
239091
101475
288650
543313
708271
115919
443342
370145
49883
144341
393375
568516
121778
648528
201328
131980
