154
100000000
46699470
28460503
14033902
10427519
35238351
13590867
61733051
62992951
42588257
3092121
24578868
66784657
19903526
41480116
53044623
27364129
66036048
44612060
13534775
22332056
15974629
32830156
70912718
1529508
31703545
47859115
14677014
29173102
74363143
36718389
19126943
5134462
16829233
49965882
35495785
17999277
37306626
52140885
44899656
53397578
2706443
32472795
4466973
5317024
14099390
4307772
72980012
72501554
30235828
34836015
2981932
33215343
27955453
38839419
72034345
35790134
5043058
16670508
36006005
17851164
35589058
46816709
1256072
966145
6771619
8660460
42734729
1407040
22619302
34997219
37208662
25664406
4228817
58912059
38893625
28258943
7748900
22864495
8805
27074507
14345455
25055988
37185474
11174241
22934975
57511458
69276229
74390114
14481734
197518
12448236
59041542
37320601
21329085
57231979
19892155
9547243
20295520
51272617
1778024
15383764
3386787
42496238
19671722
6798713
54048714
38295482
27079667
16112788
29738463
16234782
11075248
30723771
7967710
52918747
35511016
43161304
16514491
50618667
9862531
16079922
8602449
43510301
1867368
26446358
48727383
41087941
25961797
37319814
11717026
1955195
3374552
26270360
56439838
3252579
67794875
22525315
30545090
71741057
67527205
3744622
14208457
26816339
23906830
45079210
65002781
33236346
23061877
13722807
24643741
17318943
24834930
18895997
8911667
