155
100
5
38
43
19
10
37
18
29
64
6
24
43
63
25
15
56
28
27
63
26
4
34
57
64
19
50
23
22
29
7
23
21
12
33
15
10
19
28
71
46
8
17
31
1
15
44
15
17
36
65
23
71
36
5
37
35
15
49
27
34
1
4
65
23
19
69
9
45
5
14
14
72
48
52
2
47
59
18
12
29
27
12
9
12
31
19
27
60
6
38
8
9
10
38
33
23
10
1
51
18
6
39
27
60
22
4
15
22
22
16
21
5
15
6
72
36
3
28
44
51
35
57
3
51
31
35
2
25
48
46
9
36
47
14
61
42
7
57
46
7
49
10
5
17
20
22
64
14
13
19
29
50
56
54
49
