141
1000
719
220
462
104
294
171
131
52
149
290
452
619
578
231
119
546
531
90
138
263
704
188
25
406
46
730
247
186
1
336
428
261
158
747
583
707
23
278
430
174
239
570
537
462
80
593
61
722
340
641
649
166
649
295
447
451
351
239
472
694
553
261
28
576
45
275
677
45
504
540
210
220
505
252
291
447
56
190
364
253
31
568
450
686
737
192
27
233
153
165
676
407
246
10
199
657
421
709
386
469
743
41
111
18
213
128
44
272
358
180
122
343
333
402
54
171
170
13
38
171
193
337
363
314
92
433
278
138
193
5
6
642
148
62
276
296
358
404
706
276
366
