148
100000000
51693680
15837792
49758992
57584764
15666039
73824874
21423833
13413073
22931258
25537484
23704512
12519770
29224367
14995622
5303668
3217438
26340113
14563794
64235006
26661456
66112414
1730797
23240902
2113058
26096095
49755256
52721724
42415236
18270557
18407474
20443740
8199434
9183668
36984530
73903905
15638912
39800393
43420905
47008152
629948
11613793
10543510
53586936
16002749
38680940
46682659
43013691
27003095
59723943
69673874
1306533
44457026
39225384
63619718
51696571
5210580
9630727
47690498
1507343
28574460
17621090
42208389
40276057
829365
2450064
16635975
5961279
8965055
10746554
53079914
7102797
69009181
13620736
16356904
36380282
9936857
73338544
32240440
53216789
3269321
49208149
9830824
30326126
42485973
27295728
71700423
20552656
34637887
1605760
57514027
71869252
38486467
17322696
28130748
39724498
41583473
59291199
22657443
44008955
2715356
30990819
10496977
60300114
50872884
46920086
58893074
43184970
23147355
28299577
43125834
64127186
6097245
28722688
48363815
26175126
51268030
22936744
60275502
7547473
54842491
11013922
469195
676787
8740943
2396286
59018617
48303429
12790259
36004463
14510386
22371074
26382008
9506861
45198
2222804
62778763
65794053
45275868
55644909
34159234
8651446
30575272
1649565
34283259
18805044
11447833
39155631
12587003
