163
100000000
23596146
49521602
35318138
13568685
17265399
33673543
14295079
3761225
24915292
4295410
28716332
1005179
67393542
5364022
11594151
68057649
14225769
13033755
31562107
13751545
25776902
7217182
32606458
33285423
40543648
34926337
12807470
2121285
12687484
41929929
25452125
4406835
17319121
24161264
23480
17960327
2748713
66133849
36911927
8143608
49484334
251952
2482964
23301713
40272030
47971010
28871604
27794938
38002
16244650
5136477
18965494
42219841
13630254
38254545
5628873
36594120
57749022
17687727
35971987
61726979
19038642
47603104
8998803
6442448
36559870
19231458
19613365
22915704
68129901
36637115
63622158
14100581
4555725
67968860
25950396
35747204
9702679
16309485
48784627
38060091
6245401
18438416
16226480
52801315
28349524
14242182
1713151
6379220
1235996
22683460
8451901
3045745
8381089
25506233
9983112
44696043
32442887
16281786
58249117
24584636
40716641
20545806
51659252
29302568
26631489
47939862
11232484
36242312
48875891
16904226
8195296
30962492
46798181
40365904
74223098
29458779
9218988
48340748
1096127
44732415
37579858
25246953
288222
22650859
38323302
13959278
34542787
50894673
12889218
3092419
32444112
74547875
16815967
48112157
65335104
11756887
51460207
5786333
3571784
46183847
68525275
10067505
27624305
10384906
9382782
29121386
3997068
56930055
50526713
6176058
1131775
41452326
69877953
71247226
66116657
47198685
42879790
16082280
26300081
49531919
23094559
11159932
