157
100000000
10969916
2493840
14291717
4890037
34589759
19397107
65410241
16479218
67038579
32776671
12016841
47906825
4160209
4822776
9193314
23532065
79474
28577384
17336856
26737585
61952596
18428161
61835301
4945315
32363067
6188688
10574469
23360666
27884943
44729136
4621942
52458520
37130972
41660609
22879215
49265258
17733773
9032395
564057
50872005
21367303
37441349
48790236
13443150
1182830
28916777
42508248
32002621
15904770
11751266
29116979
11591024
27189855
65168331
13341208
3170909
5787819
29593899
30092433
21490461
28413970
28630323
52871324
50134158
20724394
873509
14069556
29392394
20250189
11740939
5767766
19586637
51209764
40281984
36492920
20621545
2668720
5523724
43461704
67636933
35858849
21886254
16288111
38507611
74227478
12272761
42255059
47541480
24523834
25880067
67799084
49865842
16317028
52093175
66782251
32011905
4255923
47101600
64227460
28645661
366394
36132207
24785953
27508606
25772522
5838296
22207184
74152662
43945126
31834522
3651116
55965010
16742248
11457578
1832053
70607606
35809913
17070225
50845525
32302702
6048805
63961694
6084807
37252163
5441896
14839818
61508610
71369677
14130657
11304167
11389083
8777113
56415026
15658166
17559583
35772540
69050968
61503652
22402561
59280130
1509960
8433338
22611475
71708548
4274432
11153
4930786
767795
47412592
65367901
74119933
13611703
67997379
21133233
6240348
2003428
19560576
