146
100000
34669
687
36822
11167
20939
55091
22447
12002
25127
64454
7819
60646
39354
24124
72453
43961
41136
26165
27569
69276
34410
48002
28848
7113
8338
12369
20173
38325
6183
54892
2441
58651
17636
3928
66058
27658
6119
46869
17868
27195
26565
10317
17340
7227
48198
371
23575
38843
33805
8838
5575
19985
43521
45944
13499
52770
44189
24340
36483
3182
13397
10677
58864
27087
43954
45108
2048
36
66195
760
15478
54278
4569
46309
35576
17230
25395
21176
6834
21217
59732
56046
74377
46444
10827
52055
50178
9265
39145
25224
791
13852
47540
5629
36798
12374
9867
49793
5358
11167
8559
61675
52475
66921
21233
23049
15102
54364
29599
51815
34457
41693
24005
29859
16740
1508
1761
33299
57752
378
3687
42248
56039
16397
73835
11892
3640
35647
14329
73742
57946
5025
64032
64940
14890
64345
58307
30222
74873
20354
35012
67317
10649
26972
33319
47896
