140
10000000
1167990
1585811
238309
6073808
3435002
495042
94195
3228966
6796447
6310923
5397833
3926192
616213
6366153
1660950
929493
4162761
4712983
2944060
1705571
873662
1736761
912479
767955
1490017
3072864
2382793
4740260
3514647
3824135
679263
5375087
7489348
5762384
4597049
2192049
4082169
3844605
4601074
600578
6155395
5315043
1252157
4499279
166286
211866
4792652
4754074
3039102
6938137
3867682
2786810
677819
4577793
6023923
2619129
5070870
5090277
1101094
6822289
7056528
5864038
3600342
5458493
4310504
1989212
146546
4205202
945716
973004
5496269
4129045
707065
661642
3834442
7014781
4689056
3363954
1028525
7309659
2690341
403285
6680275
5402951
311827
2996208
5794798
2277944
740959
2709723
1764230
5753
1217862
4155820
2910502
2948196
3324328
1794302
924124
5259740
1125019
5917831
1020186
4512051
6419266
4282859
1573581
1583920
4503731
3061863
630438
2479640
484184
2495099
369912
6382888
1794510
2264209
2879367
1620267
3617112
2217264
5295196
1370824
2256172
4768210
6606724
4474594
2526930
4482715
2204707
953399
6771034
4217401
324186
1560451
1155124
519715
7101542
4929130
