158
100
52
51
38
21
31
3
62
30
39
35
36
15
11
27
39
57
32
42
15
9
16
32
18
12
15
9
36
71
3
10
39
52
1
18
54
17
6
59
3
13
4
16
36
72
20
12
21
47
1
6
37
3
36
62
29
17
29
33
41
61
6
21
15
43
36
36
22
39
1
23
24
9
38
64
10
15
34
10
26
2
68
22
68
38
17
10
46
26
51
21
69
40
6
25
52
27
25
52
31
27
48
15
6
68
19
66
20
14
38
20
13
32
4
50
57
17
26
8
10
12
16
24
8
43
21
42
19
39
21
37
30
28
32
39
46
7
20
12
26
73
31
8
27
27
20
15
46
47
27
1
2
33
35
43
30
15
12
48
