137
1000000
675707
378189
229337
596833
211377
515840
172534
111437
94956
369764
34470
38693
485984
45744
440619
417
51562
257621
559350
616509
159846
87046
435972
380144
345236
149547
338511
91145
709455
607183
488705
231667
9634
25251
218447
281686
513393
401966
615845
159729
261054
661489
540951
484160
732253
340965
177139
440650
273225
688004
193302
475622
20943
308438
271806
27306
429353
228473
634549
259211
681163
277486
409929
371819
380861
495951
559381
570647
397131
172778
545004
222126
54259
123216
342041
392817
48519
166600
558306
622961
417855
289824
632708
294633
570803
197530
315847
417628
260113
728194
504049
66471
62202
254388
193365
2630
181771
396375
105054
255126
272887
459049
308958
120524
58387
83523
658922
272741
30432
45621
150396
415332
50635
280455
341078
101366
550198
504606
691562
515901
22974
297894
684153
96584
331527
203956
588400
272397
189780
488505
205570
418543
31380
704285
619856
726799
79019
