153
100
28
15
44
53
43
54
7
41
33
13
41
22
27
52
67
75
6
15
31
46
51
33
24
60
58
41
3
3
11
17
10
71
18
32
56
33
18
13
19
33
7
28
18
59
5
72
49
33
46
4
7
12
72
20
13
16
39
46
48
16
2
25
11
9
21
48
18
34
8
33
30
23
49
1
28
36
34
2
8
54
17
68
5
73
35
52
26
15
1
14
43
19
51
49
12
37
40
38
6
14
13
11
47
1
13
14
28
15
9
68
55
15
29
23
44
32
25
49
20
23
1
35
24
52
28
53
61
73
47
18
25
53
9
1
31
13
7
51
27
11
28
2
4
67
3
17
56
35
28
1
43
36
10
