152
100000
19204
40647
42200
2967
13207
8314
269
585
26038
20183
12028
40439
19309
7610
65676
67012
52
4593
26930
19573
584
25375
26307
32988
42203
1536
33311
21458
62506
49111
26788
31528
68768
6967
24096
13483
3709
33285
43310
7959
34625
2935
48838
6294
1916
62653
3598
25939
37558
10450
64895
54433
23116
16929
10964
66822
26798
28583
66689
37659
31213
7583
16519
9706
14844
45567
34324
63828
67484
46946
12615
71463
30837
51379
28023
35811
18660
74061
71417
27142
28537
8307
56573
46239
34642
1508
42382
32017
10475
40500
6602
60579
19935
71
16252
20223
15857
36929
53761
23872
40313
55048
48750
57771
56192
56690
9043
14192
14396
1360
22981
24853
65419
21597
20315
27583
51159
3264
8729
42441
7410
27800
11593
20785
29653
36141
355
34581
60479
24526
8194
55325
50231
1639
33641
73198
43427
8043
15209
68010
66688
5937
34162
25459
6421
22049
55909
11338
37063
18073
7208
18872
