158
1000
27
423
208
54
450
277
322
291
7
650
138
31
195
130
81
395
392
50
484
334
560
417
15
105
308
350
257
122
536
221
95
13
141
436
43
107
239
159
216
265
356
488
146
115
276
748
72
383
264
67
139
258
120
347
443
303
623
746
530
590
341
184
157
592
43
101
89
364
245
254
325
213
286
504
102
232
748
454
497
672
82
1
449
228
457
39
608
323
493
6
466
152
245
152
225
77
228
517
595
534
521
577
393
659
83
252
378
353
261
720
116
297
164
723
82
314
448
245
622
103
165
138
348
80
111
220
148
155
19
97
156
98
273
642
559
220
61
106
87
418
211
47
587
233
118
248
408
194
507
175
173
210
70
21
440
544
61
503
