158
100
3
42
21
6
44
27
31
30
1
65
14
4
20
12
9
38
38
5
49
32
56
42
2
11
31
35
26
13
54
23
9
2
15
44
2
9
24
13
22
27
36
49
14
12
26
75
5
39
27
5
14
26
12
34
45
31
63
75
53
59
35
16
16
59
3
11
8
37
23
25
33
22
29
50
11
24
75
46
50
68
9
1
45
23
46
4
61
31
50
1
47
16
25
16
23
8
23
52
60
54
53
58
40
66
7
25
37
34
27
72
12
30
15
73
9
30
45
23
63
11
17
14
35
8
12
22
15
14
2
10
16
10
27
65
56
22
5
9
8
40
20
4
57
24
12
25
41
20
50
18
18
21
7
2
44
55
7
51
