146
10000000
3466824
68858
3682182
1116857
2093892
5509047
2244665
1200400
2512706
6445329
782078
6064600
3935400
2412342
7245257
4396152
4113672
2616535
2756972
6927578
3440980
4800265
2884719
711210
833878
1236849
2017223
3832501
618208
5489123
244186
5865088
1763534
392792
6605797
2765763
611804
4686811
1786790
2719486
2656716
1031634
1733981
722816
4819858
37043
2357497
3884201
3380514
883865
557450
1998496
4352265
4594331
1349821
5277173
4418817
2433972
3648457
318193
1339809
1067794
5886328
2708648
4395386
4510877
204807
3522
6619486
75935
1547721
5428050
456862
4631029
3557749
1723109
2539490
2117689
683359
2121848
5973167
5604614
7437696
4644374
1083037
5205402
5017786
926409
3914420
2522395
79007
1385133
4753948
562816
3679788
1237368
986852
4979295
535768
1116617
855965
6167499
5247467
6692005
2123381
2304886
1510126
5436347
2959863
5181418
3445652
4169241
2400686
2985951
1673990
150777
176284
3329803
5775101
37793
368689
4224899
5603848
1639860
7383465
1189365
363967
3564667
1432823
7374190
5794539
502429
6403159
6493913
1488951
6434406
5830759
3022209
7487294
2035303
3501113
6731693
1064824
2697181
3331867
4789509
