136
100000
58234
27826
60599
49572
43773
6342
2658
48671
53455
44415
7303
55770
27166
17555
40235
59765
34280
32635
11576
22609
57834
32153
18387
4723
74883
8321
5936
8926
48906
5298
50428
42686
64836
8512
9511
41766
32260
9646
11536
48018
26548
51329
42679
2366
12891
42735
38875
44179
24034
2016
57155
41210
35325
42569
6148
46433
37100
23183
24546
67740
46545
5338
65
39684
27224
42088
70669
55585
3020
60185
23
32577
159
4988
31432
72992
8549
27861
48008
47065
55736
4847
8746
58875
54380
4678
34674
26588
54217
57431
1748
66216
52924
5564
61801
12098
41435
11048
1540
41244
23570
34583
11924
42425
39401
25094
43252
42981
23531
71718
20083
29061
43246
37799
58565
57575
9244
33589
21205
22831
49431
30801
25394
45637
18352
25426
1598
18144
69199
72834
26745
36857
21940
55821
45223
27008
