159
10000
7296
906
522
3192
1
4134
1980
3484
6097
1643
169
2726
1771
5696
3419
2719
2150
5497
2319
1439
115
6708
897
2539
5099
2618
1495
4220
1905
4920
4354
1593
1010
3369
7469
1021
3482
2679
1399
1938
450
770
6424
6289
2989
6762
3067
1382
3183
1165
673
785
2330
2951
1889
1872
5407
5612
256
2963
1398
3232
6759
6011
652
7268
1003
4828
5883
4149
543
4199
3041
124
6400
2069
4053
5538
4173
6516
1112
1839
1223
3536
3711
4018
810
3232
5646
3437
3226
206
5847
605
153
819
784
2796
560
3178
7482
5898
1098
6738
2144
7435
3031
5866
360
3447
513
4047
4477
48
3184
288
1345
6653
1464
3933
6341
1889
1956
284
2216
955
629
546
797
3651
3241
3970
85
4659
3434
3607
1232
418
150
2189
6122
2732
197
1350
3570
936
3151
3565
1629
3725
373
1248
3388
909
3659
917
44
1471
1528
