147
100
9
37
3
11
35
56
63
26
19
40
34
16
21
29
18
44
18
7
75
14
25
1
31
17
49
3
64
10
50
2
59
29
50
36
29
14
12
67
44
27
5
46
1
70
17
42
15
26
17
3
64
33
58
18
38
24
30
2
47
38
15
33
8
42
9
23
38
66
19
27
16
39
25
27
30
26
39
42
30
14
27
23
1
41
62
58
47
6
13
74
20
8
17
21
50
34
57
40
20
33
6
73
8
53
7
62
9
56
36
73
6
34
14
69
20
21
65
1
36
64
23
17
63
56
2
5
37
36
24
61
38
32
5
11
16
45
25
16
29
47
19
5
9
27
54
36
41
