142
100
37
11
31
2
36
71
25
31
34
6
75
38
44
25
28
2
2
9
61
3
64
41
34
45
4
14
47
13
9
27
19
67
34
13
33
54
19
47
13
70
66
5
7
14
14
52
5
6
1
47
21
52
24
29
48
28
16
19
18
49
37
21
40
21
19
50
20
27
49
49
18
28
60
55
29
31
50
36
18
51
29
40
32
64
72
72
45
33
16
20
44
53
33
48
58
17
12
34
16
42
20
12
67
23
3
65
20
26
25
64
32
31
34
22
40
12
9
5
53
10
1
12
15
44
22
7
75
21
74
56
16
39
28
33
48
29
12
30
68
33
1
15
