144
100
24
20
24
29
63
4
1
31
1
50
48
32
20
12
7
59
32
5
50
23
41
19
41
63
30
47
34
1
46
12
72
9
7
32
55
2
23
23
14
21
10
16
31
36
8
64
10
22
28
39
61
2
14
36
38
38
26
49
48
29
38
62
22
63
2
66
31
18
11
20
2
51
33
61
38
1
52
34
54
73
34
68
12
17
13
74
22
4
65
23
1
7
53
38
41
72
3
22
4
53
2
26
16
28
48
6
52
35
16
32
39
44
27
14
14
35
42
14
34
27
65
42
22
15
36
22
53
5
6
48
1
12
47
37
56
52
66
23
22
36
59
53
32
49
