146
100
7
41
6
47
64
30
59
8
74
19
31
36
54
22
1
4
46
46
62
52
21
34
10
29
25
6
28
15
69
12
27
47
31
46
50
42
47
18
8
25
40
18
1
4
3
38
53
4
30
6
40
22
1
30
23
40
31
48
25
2
36
15
17
16
30
36
28
22
66
62
34
50
73
60
14
16
12
25
35
63
2
69
34
27
28
13
21
1
17
36
72
9
7
4
25
56
45
23
25
31
66
1
18
1
70
21
16
43
7
48
2
16
42
10
24
69
64
50
56
28
36
40
32
14
22
34
41
12
31
34
63
13
64
23
8
16
31
57
9
4
27
43
60
46
28
47
