159
10000000
3042060
5195683
5779052
3237041
4870435
2712463
1251931
59256
4262537
5338463
448391
6894004
2333189
709239
3515517
5355350
2950805
5248872
875624
183268
1038151
173252
2298138
4151826
4116842
2378341
6273816
3696181
533407
1520085
811933
3779617
4679581
2390313
1888339
1012366
2803026
622353
2606877
661001
1918561
2147975
16797
2569807
185601
975774
6857735
5001153
1019274
5969897
5048770
5320419
1214615
4077261
284210
1437394
3176718
6859349
2691057
288540
1016657
2039614
376822
2958997
2592663
2933906
2470904
7308943
518777
1193365
2581945
5883618
2011064
4792389
1865471
877558
1570749
199322
458853
623900
78081
313966
3515108
3897886
1610722
4168088
2031486
2387519
3301802
5901517
2934054
3153305
1052370
1512918
913387
2673618
3171536
668799
5051888
4954348
4823977
3662599
4788850
1902783
3734471
1540339
1545012
868999
1340092
6880493
381786
1156562
3086557
5456558
1748538
5265354
2991713
2642
2213266
6077886
6750466
7418055
6519201
2592908
4644650
2580735
6610304
1717132
379555
1556945
2241839
4116382
4951230
570844
3423530
1421539
894580
6688370
58167
416891
729875
2147533
2116899
2864173
2404277
1869611
4161656
1389859
4500835
422112
886636
3655643
5399783
4826550
6220383
7393123
4944035
581326
2136444
