142
10000
4661
4278
1498
2515
2217
3497
1988
2075
2086
416
1261
1282
6349
3836
5349
1974
1310
3766
6641
6692
3122
6175
5934
4360
2418
2662
3659
185
3203
3308
3816
6485
302
4175
2359
2296
2979
301
1532
3846
3
5516
1627
3539
499
1424
1000
155
2328
1616
4226
7238
1584
4081
2835
4436
6800
2681
2830
5165
6980
1413
4520
929
2075
264
7170
4087
2861
2568
2513
3215
2714
1051
2998
7441
190
2559
494
1368
3401
1687
6234
20
1674
491
6498
3851
3651
172
1765
1696
5507
2088
2416
1993
411
2760
1058
5722
976
708
2759
6765
609
242
4687
3819
6058
5640
5345
1138
4772
2797
7121
6218
5709
1316
1257
6181
5514
4935
3927
3733
5452
4484
4152
2792
4486
175
3359
4835
5774
4341
5115
108
4135
4469
1349
2078
2712
1062
