155
100
7
24
5
6
40
1
20
73
10
71
21
6
28
43
1
72
1
36
41
6
3
10
18
74
3
30
5
4
1
64
53
51
23
3
49
11
17
16
39
6
9
64
72
6
17
48
42
1
45
4
17
26
35
71
22
1
40
25
53
41
42
8
16
10
35
38
40
39
48
61
44
75
6
9
10
10
21
39
8
39
4
21
17
9
7
11
19
35
3
56
55
12
35
51
15
43
56
65
61
12
55
58
51
51
58
39
4
16
6
17
11
44
45
47
15
35
4
9
26
40
46
43
4
32
5
10
23
18
11
8
47
24
44
19
45
17
47
8
42
71
75
31
46
26
29
33
41
29
11
61
53
3
32
18
1
