154
10000000
2107010
5764457
4550582
6109469
2256404
1202226
778074
1886467
5153076
2747443
7180601
4734405
2337494
4272028
1492663
1414699
1925694
2023246
1889665
92099
108785
479861
3645105
1643618
1564850
4923801
5420470
4594660
3912706
4846924
5266270
4790399
5692802
473061
2163140
3824612
2029184
1703
1230958
4127906
2292764
1326736
1050918
1040424
5845594
904721
2720059
3890945
2837733
3393207
3851691
912356
3393267
240243
5064354
2524515
1251915
6406756
3742841
6354895
4041299
3641832
911702
2208437
2380552
1244488
7038187
2697876
602420
3426640
3140133
4911701
6548774
2598889
2623624
5088299
3888828
2222965
629353
5672742
6215317
3704688
7227375
5301420
621987
2439929
1067205
3693675
227435
6076507
3143616
2597810
194623
4583527
652414
2468691
3451226
4235543
3014680
4449368
2709793
5253652
1334252
4931805
1973005
4749437
265292
277110
4124361
5209601
3284060
3028565
2994781
1712615
809180
1075746
1345817
4000990
961786
19435
50263
2519489
3367904
213091
2628832
586446
1674356
394552
1743097
3419426
644550
6715940
6624999
795705
2752763
2983951
4334922
1343752
1513829
3755294
892905
546599
3638725
845801
2088429
734963
4919481
6873065
5449418
3376875
4733730
1286276
5550632
348329
