141
100000
12202
33558
44067
66442
54733
58154
39733
12221
52111
59316
46593
22652
32787
56879
58196
54019
38690
25241
13209
62241
21598
58338
36720
38802
16073
73681
10061
15854
12992
46951
13108
26207
32445
2525
55933
29752
39180
4511
49606
63280
8826
35549
73622
49021
18315
11660
20125
6675
18188
41846
3825
65349
12699
11216
10870
4961
11008
29449
45981
2833
4877
60820
22435
42100
13750
66760
182
31858
30154
15
20607
54766
68272
34365
19780
4037
73187
53049
26099
41939
30421
50975
38559
10455
23939
21686
2840
10999
45267
21634
41660
19550
63408
26813
29172
19134
13524
5625
18595
3415
62543
58061
26911
21853
56571
26319
43905
13996
27303
61976
55394
38570
61198
65082
18908
22611
8915
1955
4647
11563
50394
18277
34651
51986
10011
23910
10148
28865
54332
70828
11591
44333
37015
4989
14435
39338
56852
12178
64853
20133
13198
