154
100
22
58
45
62
23
10
8
17
52
26
72
48
24
43
15
15
20
21
19
9
2
5
36
16
16
50
55
46
39
48
52
48
57
5
22
36
19
1
13
42
22
13
11
11
59
10
28
39
27
32
37
9
34
3
49
15
13
65
38
64
41
35
10
20
24
10
39
27
7
35
32
50
65
26
27
50
37
23
7
57
63
38
73
54
7
25
11
37
35
61
32
26
1
46
7
25
35
42
29
44
26
53
12
48
19
48
3
3
40
52
32
31
30
18
9
10
14
41
10
1
1
26
32
3
27
4
17
9
16
35
5
68
67
8
28
28
44
14
4
38
9
4
37
9
21
8
50
69
55
34
48
13
56
4
