148
10000000
5651942
5251536
1754555
1989872
7492862
301994
5072423
2146454
6251413
2570788
4259254
4043843
5793744
1725403
2723624
1413869
2531696
1308337
371056
396619
1648566
5515915
3315987
7429212
2149549
581954
5696804
1463207
1170719
6134674
1265383
4187196
958637
4382636
2123139
2872963
789341
3229
3128193
7276376
3485059
4268621
3639971
90571
4895297
2266486
5615695
2970436
3555314
6060178
3259282
5046139
7241572
1237336
346205
1619917
489305
2013213
6849121
3454573
1796243
4685653
992363
3802922
6192888
1253390
6350279
2783219
4410283
4348058
4106141
3123050
1960135
3261860
352631
952754
658956
4342431
48342
702202
4983318
6000656
2709376
4241121
300583
2159028
2293790
5963410
2436702
631292
1301246
507343
3239004
1179096
3807112
435518
899072
3649721
1001330
1637949
4450678
5883649
383082
1693180
5956157
3974637
421494
5904104
4083903
1184221
1112520
530331
2341341
4784610
3692613
4579112
4405905
3616262
2893543
2952866
6760996
3834353
3409491
694607
4086314
1759338
2482786
4340356
33514
1020800
6307387
4041677
2709768
5549322
2214483
2317862
3586470
2322910
767611
857364
19705
6545427
4484085
3799960
4403541
5659644
1829195
267104
