151
100000000
57950493
61214958
6050356
52962823
20570657
70195370
10469176
55426941
15310128
1506142
46402528
34904249
62147214
53597472
41240453
2321235
31632132
23572281
58876605
6139659
29003125
2860556
23919196
114615
16691248
27127415
6232349
38286429
43686426
37852786
17401612
32412429
2865867
44009940
29252198
63502265
41123395
18120195
43509294
38785042
8959469
64668709
56350
13144749
40358320
5438430
8206538
34158767
21597127
21624575
10701069
13125264
6715882
44988963
17759752
30934392
15011946
2630705
525454
7902688
14661555
12825886
31264111
47769971
12825962
17270501
67162121
51368209
36707852
41744499
45911768
12297493
53679977
24142763
15012975
30768060
39076286
23038857
29796700
29329251
47966389
1217107
40933739
27743687
32564843
22719939
19326118
35331291
15934123
48781993
40631829
33962897
56783835
69005054
25326163
44822539
52230029
7344315
56017795
54997689
3932892
62836872
17823796
24362061
32275566
5899017
24162012
11988626
54485583
18003708
13120742
62685211
73902600
47072075
38721237
10329571
7376271
73135434
5993342
65841233
47037177
6878169
12987032
11332768
13511761
39247450
38309866
31012536
50816504
27450544
2280950
24864327
21298332
12651246
16067233
67304756
26379349
61652876
30517184
52925158
10232305
25055668
16622428
30994946
11432264
27034664
2357795
5091083
34256696
9923773
70472737
