144
100000
24712
19571
23960
11017
40742
3614
23
54103
25983
49512
47589
33757
19293
66998
17676
60380
32479
4121
49074
5014
40456
19882
40394
71491
59606
46414
33055
39
28509
11808
71615
8774
6500
58811
54430
2571
22091
22037
50730
20491
9097
16907
8963
53040
7096
27894
9749
21147
27685
50468
73064
1326
28566
35680
37769
19505
27633
12031
31498
28804
24555
61419
21366
1199
1504
71744
30692
17321
1008
19431
1068
52353
32272
46960
37501
36942
51223
34283
53457
20042
27378
67521
13294
16799
18616
73616
21111
3509
64623
24581
851
6376
55082
37713
42946
71609
2849
21683
41267
52430
2997
26384
15097
27151
14699
5337
51720
26291
15030
34189
40335
37167
26740
13757
9835
35377
41147
13112
33172
26124
64731
43830
21527
49374
35929
21831
53586
4008
47532
47917
645
13355
47633
36743
55408
51728
65717
22299
23355
35146
58345
52367
33244
50651
