149
100
35
34
14
15
1
9
43
10
51
3
3
29
7
61
73
62
5
3
47
39
67
68
31
17
32
33
11
32
25
71
19
33
39
49
6
47
48
34
41
37
13
42
15
17
14
59
4
32
55
39
12
36
27
25
27
5
62
58
15
8
66
25
62
44
11
69
7
9
31
40
12
57
4
2
26
17
42
73
61
53
22
17
12
27
6
29
28
35
32
53
3
27
19
22
11
55
70
24
49
30
57
18
64
40
28
6
28
54
53
28
22
12
32
30
28
27
60
52
18
13
27
25
2
26
37
11
27
28
13
3
36
36
28
30
44
16
33
8
6
53
1
4
47
11
3
39
6
58
41
