142
100000
46569
3557
19996
23222
25358
49025
28417
3060
50986
43084
37880
44945
62589
39320
20719
54160
43037
56922
39785
42696
10269
26490
42133
31090
54729
15021
69727
24897
27539
5964
46170
27987
6750
29021
30643
35703
1591
18541
68483
19590
28459
26174
26238
5413
38254
56963
17205
43078
31796
17824
28876
13544
45106
51924
45539
19613
63528
10087
16779
37689
69673
66826
40917
45840
39344
50712
40592
10683
73826
2684
18
35999
6926
30851
9554
38100
20697
17321
2815
57177
38884
2679
52745
49288
21880
22095
31950
29450
10177
46228
66932
70961
2641
396
1978
42659
13598
74642
15936
9993
29866
48076
20933
32470
9533
74371
36657
14225
39464
5766
35739
2513
47383
33098
13275
10470
65520
16124
45239
32016
66902
27182
11715
36317
2788
6479
11224
7961
60472
55055
15785
49562
7164
28520
8934
72013
33659
36472
59477
6506
47255
18399
