155
100000000
11066653
37308727
42644115
20976935
9283156
38631158
17928081
28233626
63937539
6377461
23053333
43648753
62501664
24892977
14797632
56170964
27372289
26442867
62903996
25351313
3789799
33788749
57364190
63122595
20061433
49890818
22584042
23011317
28568907
6793706
22028719
20142575
12844689
32838830
14413962
12163397
18925500
27802615
70963159
45304338
7354416
16497884
31190266
822096
14977614
43687559
14348860
16874114
36259184
64360982
22334047
70964647
36062461
4928366
36277278
34219608
17598610
48777697
26512105
33965009
56937
15937
64470003
22370860
18040138
68680384
9650422
45243730
6142489
14892504
13983491
71056070
47628776
54307729
1562923
46989903
58512317
19222442
11524523
28754107
27934726
11339884
8886423
13195950
31319616
20350133
26249510
59637903
5449485
53491322
7611770
10434538
12357954
37210465
32260451
24106228
9805077
1234226
50881653
18682160
5864129
39918189
26395322
59066184
21822097
3843377
1571641
25198545
23373823
16565636
20351105
4515850
14488940
5663700
71782684
35616012
3709587
27445582
43829036
51222303
35639018
56351247
2857068
51141669
30115177
34345529
1161575
26197235
47767271
45778595
8406857
37103014
46492741
13933395
60081811
41017737
8614255
56937409
45701828
6024036
48021891
9796980
4809006
16967150
19634127
21995829
63740816
14924002
12033108
18726941
28912290
49947264
56998437
53238078
48858331
