152
1000
111
600
357
573
478
75
529
346
527
235
46
213
672
8
526
382
21
22
148
59
78
208
245
151
68
522
290
366
108
261
190
1
277
320
158
257
159
400
136
485
320
92
328
417
629
610
192
432
390
277
532
333
40
186
107
467
94
471
430
192
505
601
657
571
428
190
499
200
582
320
364
169
483
302
217
116
474
247
631
30
170
140
117
400
144
511
264
465
576
336
87
389
569
472
667
298
165
377
529
35
149
396
109
278
250
88
168
487
284
56
275
276
278
53
252
177
130
302
689
205
43
275
416
113
99
354
436
126
698
150
257
440
240
541
17
325
12
47
126
546
67
617
133
341
364
710
55
277
71
117
333
308
