160
100000
49940
37317
2317
43661
19497
14191
4137
7227
50212
74262
5912
13349
15304
377
7294
14579
12561
36560
72232
57607
50213
14427
29859
67982
20833
10165
29709
26116
31914
57379
56054
17827
30579
59835
46
1701
537
27564
38852
7829
3477
27445
42732
23631
77
7534
42621
18194
34641
16028
24023
16596
5825
54302
30059
47838
22569
10923
37278
1290
17548
10876
10673
7811
38069
26224
33206
26164
27513
2187
2652
33597
9452
62281
1889
8242
12995
17009
33891
8402
8015
3007
23616
23652
426
19316
23747
69421
3290
28455
18366
17356
33859
31512
4381
57132
39142
70292
52335
30193
20255
43365
7017
60893
21712
12751
35815
19731
3605
27583
23749
68488
15990
20308
45171
66343
13896
56946
30413
30267
67611
62661
71127
13000
73884
61148
2136
4658
25738
52464
43054
4646
12464
41689
11700
54461
20178
23148
35351
37719
28440
42221
47665
39764
5697
20354
29733
44074
60042
2
6225
507
20019
50932
40981
31080
32490
66109
37232
20064
