158
100000
2676
42390
20726
5400
45190
27735
32263
29061
658
65050
13783
3082
19467
13180
8069
39583
39335
4972
48378
33523
55976
41673
1475
10437
30742
34950
25613
12196
53546
22037
9599
1273
14005
43591
4466
10874
23893
16133
21584
26424
35541
48748
14749
11478
27753
74729
7357
38216
26380
6780
13857
25789
11943
34768
44259
30276
62230
74534
52994
58982
34016
18573
15672
59218
4439
10090
8943
36369
24762
25466
32448
21231
28562
50508
10158
23101
74713
45317
49650
67148
8179
15
44833
22734
45604
3828
60781
32408
49260
571
46572
15152
24430
15149
22416
7685
22767
51696
59497
53376
52055
57610
39220
65822
8505
25287
37856
35451
26064
71927
11539
29691
16539
72265
8142
31560
44751
24579
62144
10255
16456
13750
34772
7953
11003
21957
14720
15600
1856
9681
15537
9770
27314
64159
55835
21957
6231
10730
8889
41955
21172
4822
58831
23251
11769
24786
40782
19331
50740
17473
17252
20990
6936
2173
44024
54327
6041
50205
