158
10000000
267527
4239039
2072568
539929
4519200
2773578
3226413
2906012
65768
6505053
1378261
308189
1946647
1318243
806890
3958420
3933607
497126
4837733
3352410
5597565
4167282
147476
1043613
3074160
3494947
2561264
1219550
5354531
2203619
959996
127278
1400445
4359052
446742
1087611
2389267
1613539
2158320
2642319
3554054
4874725
1475007
1147795
2775495
7472873
735967
3821514
2637930
678184
1385674
2578873
1194250
3476885
4425867
3027559
6222980
7453386
5299399
5898103
3401579
1857704
1567131
5921868
443992
1008958
894436
3636819
2476459
2546614
3244722
2123095
2856187
5050974
1015796
2310041
7471297
4531603
4964942
6714716
817816
1409
4483232
2273354
4560311
382754
6078005
3240905
4925930
57024
4657117
1515118
2442999
1514818
2241539
768449
2276681
5169596
5949676
5337557
5205414
5760961
3921955
6582161
850723
2528703
3785692
3545220
2606305
7192678
1153888
2969061
1653925
7226422
814122
3156090
4475079
2458024
6214308
1025496
1645587
1374943
3477110
795273
1100249
2195650
1471916
1560157
185546
968031
1553681
976908
2731417
6415804
5583459
2195648
623299
1073226
889008
4195593
2117293
482229
5883238
2325093
1176802
2478570
4078132
1933031
5074070
1747284
1725127
2098987
693593
217369
4402435
5432619
604051
5020413
