141
100
55
37
55
8
1
48
25
5
47
4
25
5
40
60
40
75
58
75
44
8
1
39
14
54
10
27
48
41
22
57
38
8
48
69
27
22
17
34
5
31
53
51
10
50
37
9
3
52
5
49
55
38
26
37
68
41
44
10
75
1
48
11
12
45
23
48
15
68
10
6
17
25
24
36
41
53
5
18
75
28
52
53
1
1
15
45
58
20
23
17
12
53
18
67
56
61
15
8
3
55
39
4
21
55
11
7
32
32
14
8
36
22
35
14
29
39
18
18
47
58
1
45
71
4
57
32
18
55
55
7
32
30
42
35
37
33
13
50
31
3
28
