146
100000
1405
48078
1167
194
25897
51922
17328
2121
13852
42244
57397
10952
12703
35290
2809
57044
28967
10402
338
67678
23658
14771
135
2030
35861
6773
29900
54272
17642
24977
21093
25028
51030
52546
24932
13212
32779
47531
52960
31965
12712
67038
39366
49083
52617
70838
4190
45728
38914
15899
26882
38493
36595
56843
73941
25006
61552
35283
58048
39747
67198
39744
4934
52754
13
13263
47246
3597
38617
11399
46208
33835
7196
7608
1425
44717
7185
44346
70127
49084
42683
18368
8651
32615
34683
26059
22064
23896
28638
930
18753
35221
27249
20853
32802
69241
46176
21902
64717
7253
9772
47454
18603
7799
41145
1346
71930
48970
74972
39161
2624
31616
32949
3317
23053
22017
36188
7512
67788
54066
55258
26182
18430
54176
1743
11287
4950
43038
63812
3071
16587
64139
68858
56573
7639
23584
8584
5982
73680
15064
8175
14536
43157
31956
51050
13299
