155
100000000
5247467
31301032
7624184
68932823
33187084
7956862
40829803
44922651
362080
8737368
12873708
8692216
61082578
14402402
12094331
7427793
31285473
6672757
6403159
33610148
29380525
31816641
16786790
45204807
7331384
17646168
1349821
24145798
22575935
28395397
59192005
24057736
66668203
15557450
37868689
42263568
68426409
36431969
68686697
31236849
4300271
21359032
66389852
25197181
26435400
3464184
13365088
12117950
45301184
5509047
40022395
38456883
3448606
3917826
2236089
25265763
782078
3679788
27253948
9804886
40039490
22537793
60636978
40945652
67147629
23616617
41186262
14890740
14630774
68183359
54245568
31011049
10181517
41001113
41384201
68988951
59235624
36731693
11669241
56414420
5683383
34644374
12620147
3522
32244665
7655190
32093892
23118208
13044100
46385133
36217849
14745257
40312644
9047721
48708079
59687356
2121848
56713863
14405168
28945329
61543117
35436347
5691703
63818898
43630756
2017223
70966824
46592047
43103848
46285632
24857497
261020
53942078
74316054
40506965
7140466
22863967
5973167
23531634
37199711
58813738
2035303
318193
24562732
21170078
29021227
40722748
19418817
58692268
48440980
24476402
15502429
32959863
53407953
15535768
44765029
30705062
10929018
36927578
33945013
71895386
5489123
5775101
29937696
15711210
13386328
22537043
31998496
6605797
50395823
19001276
25831867
40548875
20738182
8066034
