139
100000000
37344428
10091588
44921838
20777835
67047159
37803992
56124885
42724934
69710861
25355044
9788891
46226243
24114963
44648107
29250241
30207086
71712075
39498741
41196619
31191831
73669048
10884663
13451851
25102066
29618929
46770405
29318204
27674329
34307368
21065816
38428052
23964221
18771582
16647786
41570602
68808169
36097620
31614115
32760865
70508233
863722
26330952
66607800
49327612
51047071
30330012
45197659
28436531
2940358
31988922
28972294
22616205
53773757
2033477
19386017
70824663
10330364
33448337
31992391
36046055
2629623
14718757
47438744
17699179
28145873
10060381
48124378
55034725
60405144
61144052
51875622
15098036
171476
42962935
16783211
19231576
15422507
17754064
21104965
28008771
22684201
36857671
10344615
45632824
13065743
44229092
56179632
40243224
18925708
52252218
17155992
35765225
50086163
27280610
53567567
43437
9359581
71991229
37048277
29957833
73595844
23319850
29491767
58766583
48871304
15223485
22083302
20095053
54046018
14836074
25732964
55770908
57037065
1944933
25257490
13540316
21699956
30171247
17913567
55572686
11932852
1216393
26404156
43965970
27956862
28406651
43820368
16020663
19028662
6111590
28024213
8109890
30289139
4073271
31471487
32952841
33683278
30682261
51128696
