151
10000000
3513994
4120405
1107593
2443880
2901233
5605361
4117148
2366456
301021
5935209
3965588
61307
1586844
3273269
851155
2591270
6512179
5991806
3861211
3117379
761529
999994
2275571
1722133
1902349
2841919
651425
4658920
4259890
3789693
340516
517432
1963911
1424249
323661
1768760
841523
5221716
909928
4516331
3734525
3020921
5023834
270460
1204545
12893
1139488
1351
3583933
7406485
615197
2611980
863944
2421430
7099325
1008646
298485
1327938
4678631
2753803
6625528
4489925
4030286
3287470
5032222
3260863
1580483
3414988
2724552
1453383
3159492
3871974
4130153
2684936
2239434
550131
7272631
6998729
5116905
2751834
2533183
6039714
3432798
5701773
1749442
6560364
571549
6699637
906453
133509
2726117
3956989
695834
4845710
2796611
1973209
4461663
3001271
3056145
4999301
4098471
3431820
906310
1381426
338808
2613045
4155572
3730041
3000296
1534980
2042470
6052659
4287285
2947347
2737179
3268835
7386955
6882621
280968
5727668
5665714
883239
3487821
190269
2059152
343522
2727369
3012255
2454690
2303376
687629
895215
5953950
5706264
1025129
3979162
2786503
5060067
4016697
4293736
7408730
677639
273142
2949444
2710979
955378
4544135
3005890
2593515
2660586
1373284
