153
100000000
32018004
6784343
8113240
47019321
21668738
54336772
5033753
71646375
49390060
25813181
36882222
24427421
30749664
63023449
1348101
1522873
1785892
28424660
24216761
24760801
42351340
46448020
1772279
5192453
71299505
7103433
17271394
28438780
47306683
72227344
70566925
9219208
20640724
3088029
69250336
5579966
21439895
68363490
4016047
19291508
52060693
61556079
23008007
18297060
26876053
3162024
11547280
56845950
20463124
6985899
21045793
29124559
5820185
61106223
54776075
51213223
18515496
18121156
18679491
19238681
24437946
23801552
26228962
6875773
31636510
33990602
28975909
3608591
9872352
45640893
8748594
28549412
10440208
72720179
19910554
487229
24742167
14729390
2277863
5978088
32482217
48825430
28353625
56661651
33710171
502590
44550291
22348022
25263357
8407984
57682952
16642712
9482747
9818211
56588006
8041140
63059419
4499402
62947337
54617109
28700495
58464965
30306821
23999036
5389291
49792318
43944609
27346831
47932167
31298395
44315127
74186819
37360261
17305389
23091924
65965028
55818558
11740
3525833
40622701
1060643
14651284
44621091
5878444
994295
13812153
31724077
41535035
49580632
43411994
47452078
3590015
9615729
26309305
48507681
68972341
6979639
52039344
46343864
57771824
37178481
12906503
62729658
54359107
41725951
54122827
13150041
19127273
12975198
10569858
15846492
125976
4539671
