150
10000
3074
4002
658
3627
123
54
1330
3419
3864
744
340
1273
4901
1633
2798
5094
5595
6101
5337
2458
6248
3622
181
6643
996
2994
2216
6499
3094
2016
2283
5199
3560
1906
4755
1903
1984
3270
5782
2225
578
2591
4029
5769
2707
2087
1571
3910
96
2480
4153
434
3420
475
3565
2170
1173
1037
2834
4961
2490
3776
3462
3365
4171
1312
6525
162
1700
1222
1043
2281
5266
691
6834
5039
2228
780
90
2373
225
1222
2602
2366
2283
3529
2584
349
6674
3757
392
1422
3674
5011
5875
4211
2118
4989
5532
4868
4231
7325
2731
2717
355
6635
6898
1
5948
737
4483
949
957
2232
3161
1450
6354
2593
3169
6806
6580
4665
1615
4156
1857
6435
4988
1864
6068
1072
3114
938
1428
775
1082
3583
6581
1547
2020
831
5014
1104
2108
3528
1457
1200
907
2323
5619
3475
