149
10000
3580
1463
2360
178
3527
6357
4277
3300
3952
6794
4691
664
1303
1135
229
329
1372
1784
2347
432
891
3208
1693
3193
2287
4868
293
5877
1094
2473
423
1082
237
1166
1321
3382
4883
686
2400
7133
3554
4998
2621
3464
640
3812
6886
4317
1923
1077
5723
1231
4
673
3320
5425
6235
2961
1123
3875
691
1103
3921
2059
5446
1223
4978
5233
1529
3227
238
5156
1211
1835
6792
2426
5646
76
4073
82
7379
2556
67
3436
1677
5377
2882
4646
2629
2560
3875
6389
2436
1289
5022
332
1918
7237
1766
2683
1391
7317
4926
972
4585
7071
1395
1617
4811
5968
1001
3758
5947
5663
1826
5153
3730
5311
2929
7380
4401
6054
3899
1551
873
5619
6631
3333
1224
1743
649
2784
687
5927
2406
2782
1549
5851
1430
790
370
1732
5694
2957
1344
184
1750
4294
3114
