165
10000
5847
181
1285
1837
3630
3156
5687
4047
2045
3243
5180
703
6165
6478
2715
3171
5672
2964
3315
926
611
1351
6854
3200
2896
474
1244
86
6285
929
5428
1459
1822
201
74
1004
1094
457
5726
1178
294
1200
4960
734
1964
2670
1070
5973
645
3535
816
3617
3074
6218
1138
5773
4572
2285
637
5215
6965
444
2087
2550
633
457
3646
2114
803
279
3567
3051
238
732
7233
524
81
1159
856
3068
190
2782
3859
1586
1699
121
601
3057
952
627
6829
3034
3259
7132
4279
6926
1897
2139
1080
3335
1750
3543
2868
1449
5740
1176
1491
2
2991
836
2034
3823
2646
4776
1613
5080
3903
271
1443
2013
7450
1370
1183
478
1154
1680
3162
7009
367
5885
4497
2628
883
1303
2252
4721
537
6409
2138
1275
2284
1550
1316
6354
1129
4227
1017
4981
6133
5892
1403
3427
3459
701
938
6097
1747
765
1752
5596
6687
5965
5667
580
1623
