148
10000
5466
1891
3421
2312
3542
2626
3947
505
1199
947
1803
6194
5555
2467
4720
2664
1895
2494
2868
1600
5071
6557
2148
3567
2758
2260
6602
3333
1807
6356
1975
1020
2646
3329
2594
1793
2658
762
5267
4486
9
2064
7407
5115
2724
7276
6140
2613
1422
7236
6302
3
6836
797
3882
6085
5593
2596
772
1102
1287
5445
3197
1398
5501
4058
933
1054
1763
1205
1346
3701
4651
5672
82
1321
3495
2079
3353
2779
1565
3375
833
2407
3679
2703
5507
89
2197
3043
2505
1206
3732
2137
3723
6502
896
1673
1085
5597
4331
4344
1480
1510
3898
3196
5158
5199
227
3080
221
6244
6032
4801
3159
1384
768
4404
678
3547
2913
88
1110
1855
6102
2226
5168
1005
7404
1166
6579
885
6122
2940
2406
1744
356
939
7336
2348
1050
473
2024
1036
1574
6535
1639
1463
