141
1000
379
491
657
658
137
100
447
209
606
256
206
478
388
248
79
415
343
425
340
658
512
413
149
705
110
79
706
727
338
216
358
547
347
566
166
437
485
163
148
36
135
230
676
6
181
216
129
324
53
434
1
431
331
636
487
230
307
554
522
382
397
295
566
553
27
405
242
224
307
339
575
394
598
266
85
234
212
222
11
246
477
727
407
626
457
58
83
534
397
89
206
36
416
184
313
216
718
419
585
466
57
294
119
122
93
342
391
229
61
452
43
5
212
282
520
291
234
204
447
56
273
443
1
32
229
398
603
374
57
82
531
342
221
294
41
5
401
557
581
195
281
