155
100
53
20
30
74
17
15
48
10
5
38
15
27
40
26
48
44
24
32
1
24
20
33
11
21
25
6
62
20
9
15
29
16
19
36
55
7
44
8
1
1
28
38
69
2
43
53
68
62
24
44
58
4
5
72
73
8
13
4
45
1
31
1
23
51
57
13
11
29
21
28
8
33
3
24
30
31
61
12
41
61
6
43
1
22
75
38
19
21
72
29
18
1
67
5
15
18
12
73
2
32
8
28
42
56
44
9
70
25
35
8
53
42
2
3
67
8
14
30
22
11
57
14
57
39
59
21
31
9
13
12
6
38
8
16
71
29
36
52
3
26
23
3
43
13
67
1
55
34
51
25
31
18
21
26
34
