139
10000000
3734443
1009159
4492183
2077784
6704716
3780400
5612489
4272494
6971087
2535504
978888
4622625
2411497
4464811
2925025
3020707
7171208
3949875
4119662
3119183
7366905
1088465
1345184
2510207
2961892
4677039
2931819
2767433
3430737
2106582
3842806
2396423
1877159
1664779
4157061
6880817
3609762
3161412
3276087
7050824
86373
2633095
6660780
4932762
5104706
3033002
4519766
2843654
294036
3198893
2897230
2261618
5377375
203347
1938602
7082467
1033035
3344834
3199240
3604606
262963
1471876
4743875
1769918
2814588
1006036
4812437
5503473
6040515
6114406
5187563
1509804
17148
4296293
1678320
1923158
1542248
1775406
2110497
2800877
2268421
3685768
1034460
4563283
1306575
4422909
5617963
4024321
1892571
5225222
1715598
3576523
5008617
2728061
5356757
4344
935959
7199123
3704828
2995782
7359584
2331985
2949176
5876658
4887131
1522349
2208331
2009506
5404602
1483608
2573297
5577091
5703707
194491
2525749
1354032
2169996
3017123
1791357
5557269
1193283
121638
2640416
4396597
2795687
2840666
4382037
1602065
1902867
611159
2802422
810988
3028913
407326
3147149
3295284
3368327
3068225
5112869
