145
1000
435
508
599
345
225
182
70
462
651
291
355
114
374
683
629
133
199
584
252
114
206
608
152
593
389
113
492
438
371
41
13
625
116
41
254
431
401
744
242
192
58
243
373
105
415
452
312
163
35
627
111
541
550
451
170
175
256
102
96
482
619
7
355
434
178
349
471
263
31
289
84
160
507
177
110
311
746
711
614
394
149
129
124
61
280
222
370
335
13
498
378
244
349
642
473
174
8
317
682
71
463
1
146
51
315
444
78
27
147
219
67
748
51
416
123
424
268
535
645
197
375
136
407
79
381
630
234
74
105
444
458
298
433
739
693
69
391
547
82
143
701
181
104
98
120
