147
100000
45478
59248
10444
8352
60545
34364
8055
28719
6274
7200
14530
32758
53490
18811
9385
29888
1698
36762
7974
21942
877
55564
42866
37236
15989
74379
39588
31167
23937
42642
20198
50761
37763
21972
503
38747
2293
7195
9770
65304
69626
4330
42982
13453
44317
64630
14310
63544
26998
36456
57018
3642
6041
38083
36370
71281
13026
708
35059
34933
10855
70355
50774
954
54504
5801
29645
59777
38855
25956
39101
29276
47709
32703
46510
57134
2987
41939
18333
69406
21557
52987
54276
32574
13994
18915
13813
10905
2307
28754
15691
45202
56002
15931
24635
70896
2982
20661
23298
37770
31066
4382
23399
3462
15680
19
63645
15924
31857
32106
67894
71394
41597
21670
21985
25621
11024
24727
63522
68263
34668
6228
29569
21948
10422
15244
18476
5356
53568
19304
7680
50706
27635
12095
59151
64941
60231
45724
26967
59012
54376
18162
8443
14484
17437
20405
11332
