153
10000000
6293217
3026258
1390382
1114115
4337760
3910920
6265757
4396711
5702988
3213771
2195415
1721885
4109
1826092
582174
6342405
243706
2307021
814610
617382
11313
2753313
1218265
4158700
2834631
1061828
5829745
2646573
4896083
2353222
899663
3150359
1708257
6391568
3657595
1658778
2576232
25475
2074949
6694546
730457
447638
3925907
4916281
4909759
421627
2492295
1712738
2135249
3964
7104083
2853642
6692795
7032054
7364043
2198424
6971243
1680137
7353427
2895917
786496
791320
118776
1263007
1427222
1444026
989837
3556885
1574791
2653971
1377950
1053281
4071808
3501782
1608228
2418870
3334673
1500413
954437
3638140
5103917
749245
3309177
1629555
3706783
926600
830544
5807456
5548559
4309023
5567359
6702063
1256807
3834059
5511814
660089
6610053
672733
1557339
6156521
2779571
2427312
196675
7115506
979160
6976723
670098
1439034
91475
3318962
4866364
5545878
2453573
2967946
3281568
4834254
4302803
3794092
2454827
487109
6338591
1737618
6968694
2442874
5656619
3199508
222734
152414
371225
5397485
5841300
5206763
510295
555674
3616028
5418437
3297937
87707
4602515
1781064
974313
3903977
3942990
1796272
181130
562007
1927592
2294988
4970353
2651292
2634770
4454122
52720
