151
10000000
1261453
1169843
38869
6128836
1961966
1691601
79217
6902451
5419585
1523563
2993937
4752753
4970805
4674987
963084
426182
2080848
4531351
5487192
100526
3601263
480485
1823404
6945845
1243974
2524749
7387350
1204840
5017909
5277657
3885603
5247247
310230
6868191
1556148
2915524
6857275
6246130
3425229
1469926
1591410
3845483
325412
5910581
5647064
2612650
1129735
4520333
3851387
5313512
2806152
3398836
501979
3272861
6057129
4512808
2461916
4718938
2503829
3348712
3854471
4865479
1967460
2347601
1954762
1227230
2757169
1334394
785097
2315808
2094674
2504728
582598
1422322
6786533
942631
3524096
5197778
1589551
5749997
6145529
2953820
3285000
1667053
4968558
3942871
237718
1809442
1618360
1258705
2134409
1968810
2985326
307587
6878384
4214019
2829397
3102840
7084476
1606399
959721
3405
4937382
530584
2698655
2101835
3689721
4191187
217570
5313318
3129699
696658
3081931
2966066
3121616
662961
10588
2181602
2033939
2055382
2546909
2514499
973358
3779330
6838852
1271523
3939773
1785809
1975779
755812
4930633
1689319
2080797
1998873
281889
4758329
3142725
3461110
1697246
1923571
2821184
1635062
554220
3180580
4022370
1044056
7033934
2687503
7264178
2471059
5774061
