161
10000000
352393
4109488
7494290
2471923
1634996
1837195
2856481
5663695
6527165
1954310
4090166
1716777
1486342
1741595
5512307
7318853
26812
2383530
373073
2574201
1443369
2639229
7195650
1521554
6270728
411977
1800525
2301064
6035521
173772
1369176
932433
3870574
885645
1559756
2558144
1038868
5158822
284913
524724
463812
5249328
4542338
5907471
5793258
1578540
3050737
280871
3267123
1735074
2279788
4810312
3685892
4672578
2479245
5540997
795993
1354544
2949716
948656
5939457
405875
7441856
2006109
1990683
2447377
206919
4718744
3144
6766909
3407739
663290
4025354
1162554
42522
348414
1515764
3465564
1173046
2293890
3317295
2804350
3700267
3012670
1147799
1527715
3167472
3354290
6416565
6407403
1220882
3335032
4846682
2770372
1107426
2732509
6998440
698735
1673915
3726575
7044044
2161397
4119301
986655
2642340
736637
3799707
561762
2540402
38674
3586205
614089
3179710
3114040
776956
3651857
3890016
223283
1146088
1247338
6667814
989946
2316640
719258
7235842
395622
67483
3908797
3152283
198512
5977933
6885960
1492556
2583
6271586
6348143
1849757
4315013
1740466
6374700
1081195
4610570
4756532
2190250
151483
449362
3592597
2514089
5594632
233342
728831
1114925
3091897
269051
2231785
3130075
701715
4895900
4412732
618362
5179367
