142
100000000
46570661
3556047
19996953
23221869
25358799
49024428
28416914
3059016
50985902
43083084
37879675
44944753
62588926
39319834
20718229
54159334
43037203
56921005
39784309
42697109
10268924
26491443
42132044
31089245
54728258
15022919
69726645
24896472
27540722
5963863
46169903
27987990
6749103
29022366
30644395
35702328
1590964
18540391
68482114
19589129
28458511
26174858
26237334
5412886
38253885
56962797
17204897
43078995
31795156
17823333
28875504
13543237
45106139
51923594
45539969
19614071
63527009
10086115
16779825
37688964
69672029
66825436
40916794
45840666
39343443
50712519
40591040
10684219
73825142
2685608
17610
35998553
6925663
30850387
9555126
38100740
20699306
17320919
2814080
57176997
38885871
2678838
52744373
49287481
21880839
22094084
31949258
29450843
10176514
46227836
66931636
70960024
2642382
395035
1979119
42658170
13597426
74641201
15935420
9992476
29865831
48076406
20933945
32469563
9534907
74370948
36656919
14224120
39463958
5767530
35738144
2512143
47382009
33097428
13275954
10469458
65519236
16125740
45238603
32015795
66902572
27181734
11717197
36317845
2787249
6480698
11223325
7960231
60471655
55055247
15786804
49561710
7165337
28520247
8933946
72012010
33658465
36472991
59476926
6505158
47255627
18398939
