139
100000
8661
66262
43558
35758
13465
57037
69990
5673
5247
63486
33542
15844
61894
17075
31581
74833
29527
68845
67951
8502
34491
25528
42680
28936
20468
60192
8
30600
11699
32364
17456
49558
55033
40893
13716
73915
2925
57987
38190
6100
23970
13805
14759
41910
36514
54845
27816
20029
32228
53250
61977
14877
33738
9602
31477
72184
37296
15720
9229
49253
30010
66504
26150
13
23585
67477
50284
31484
5047
8914
32346
50442
13016
11326
24355
38106
21835
59522
37571
64313
3033
43470
6831
42724
7506
2835
31573
21541
5774
38522
15789
14666
18663
26965
47232
14450
46742
32504
950
16823
31155
15863
66458
964
30892
45155
61810
27973
14950
35231
6220
11058
36019
2366
21843
70473
73664
7176
64242
1053
72333
73831
25167
32049
15472
74472
24071
1170
23870
33708
37590
57433
13205
3062
26374
68144
61478
42819
12345
