158
100000
51515
50681
39066
20550
30992
2034
61505
29267
38975
34304
37948
16378
10749
27433
38347
56857
32309
43433
14910
9618
18202
31222
32920
11814
14023
11172
35179
70117
2354
10522
38636
51386
372
17105
53015
16162
5643
58108
2203
14161
3651
15964
35835
71382
21035
11719
20673
48659
53
6609
36553
2492
35465
61436
28518
16256
28487
32876
40311
60837
7581
22398
16353
42220
35772
35004
21927
38067
1768
22504
23164
11072
38495
63047
9208
14149
33524
9300
25176
1796
68941
24638
67691
39314
16826
9877
45870
28158
50640
20340
68965
39299
5769
24040
51102
27307
24732
51081
30917
26405
47986
16060
6588
67250
18666
65408
22149
2177
37276
19699
12145
31420
5192
51454
57857
16449
26625
9586
9783
52851
15175
23759
7361
42453
20804
43631
18027
38562
20699
39028
29400
27355
31059
260
45602
6220
19218
13434
28266
72693
30448
7481
26327
26874
19577
16515
47653
47832
26848
1989
1392
32944
34311
42143
29545
14076
11064
48919
