155
100
33
21
50
20
59
1
1
28
40
24
5
28
20
42
28
23
20
39
6
2
21
13
33
74
25
31
33
3
15
68
20
37
14
29
51
21
5
8
40
5
21
41
6
29
7
16
70
3
8
52
11
26
28
58
70
22
20
45
3
24
59
1
10
30
2
17
52
59
38
7
27
26
7
39
67
47
18
34
25
6
11
5
25
46
13
58
60
44
27
53
22
19
75
26
10
1
56
74
27
74
66
61
18
2
14
28
55
22
50
15
69
15
12
52
74
13
23
47
8
51
26
40
16
16
22
50
21
33
21
36
30
23
12
34
24
2
7
5
3
21
33
24
68
1
21
2
58
9
47
50
49
18
46
43
1
