151
10000000
5795050
6121496
605034
5296282
2057066
7019537
1046918
5542695
1531013
150615
4640252
3490424
6214722
5359748
4124046
232124
3163214
2357229
5887661
613965
2900313
286056
2391920
11460
1669125
2712740
623234
3828643
4368642
3785278
1740162
3241243
286587
4400994
2925220
6350227
4112339
1812020
4350930
3878504
895947
6466871
5635
1314475
4035832
543843
820652
3415876
2159713
2162457
1070107
1312527
671588
4498897
1775974
3093439
1501194
263071
52544
790269
1466156
1282589
3126412
4776998
1282597
1727051
6716213
5136820
3670786
4174450
4591177
1229748
5367998
2414277
1501296
3076805
3907629
2303886
2979670
2932926
4796639
121710
4093374
2774369
3256485
2271994
1932610
3533129
1593413
4878200
4063183
3396288
5678384
6900506
2532617
4482254
5223002
734430
5601780
5499769
393288
6283686
1782378
2436207
3227557
589902
2416202
1198861
5448559
1800371
1312072
6268522
7390260
4707208
3872124
1032956
737626
7313544
599335
6584124
4703718
687817
1298704
1133277
1351177
3924745
3830987
3101251
5081651
2745055
228095
2486432
2129834
1265123
1606724
6730476
2637935
6165286
3051719
5292516
1023230
2505567
1662243
3099494
1143226
2703467
235780
509109
3425669
992378
7047274
