137
100
3
41
34
46
51
56
21
8
9
41
16
14
19
52
46
13
29
36
12
34
55
14
37
31
75
55
3
1
4
30
19
14
15
12
46
36
25
21
12
2
73
68
9
52
49
25
3
14
28
56
5
42
59
53
69
21
58
31
39
54
69
7
27
46
32
41
41
61
65
47
19
43
29
30
26
8
3
27
58
30
51
36
43
19
28
14
48
32
14
29
2
11
8
71
53
13
6
25
65
7
4
27
6
52
23
48
66
16
57
41
15
37
33
9
69
37
6
32
45
54
59
31
50
13
63
69
18
15
21
66
24
10
73
21
60
29
21
