139
100000000
20285527
11902061
71638760
35506229
3230411
45285784
5381555
42292688
7674050
54475366
31697
10067200
40603416
56131633
63372704
34982952
66400884
33025594
24769352
32348194
55639630
3058441
1637086
31155517
53758495
8851337
64821908
11035123
40530696
54621617
26282534
53183414
46538823
25507487
4170394
59452166
20065343
25960641
51975907
31177655
11799364
608616
49402104
60201555
69414763
40547834
6604129
50605575
59813649
3636307
32038706
69377826
35260431
30023167
13650228
10007298
28361240
40734953
11476667
6005592
16389099
25769617
67312182
2863734
20395402
22565908
8120609
45711062
42466193
20900554
6429486
5770408
62081999
5815016
23371798
1774624
30372123
41381670
1858067
4328660
72508664
73683755
65017048
63462469
40818197
18927121
72181292
65982453
1081102
12918594
58867706
36643636
56709283
72457808
13767612
46241505
7292812
15837679
57729772
18317724
44328415
59396584
1613139
12186200
18155006
29756289
57707312
13445213
73717466
7041255
24351331
70287616
51225319
13243970
24743195
44575370
47227201
35507961
16518298
9132762
18267804
29847560
42270228
42231281
68844483
30585237
33848978
60968814
40186351
20355146
15699823
27491336
7728042
29712384
7486800
30206891
12148384
15550583
27885255
