144
100
18
25
41
69
35
16
58
59
42
18
33
19
23
6
11
15
6
40
13
18
60
51
51
26
42
13
6
35
35
22
26
38
58
20
63
68
41
34
59
47
16
36
30
2
50
11
25
29
30
21
18
45
42
34
3
49
44
32
16
46
24
8
56
54
33
28
40
60
33
19
39
18
6
14
1
34
38
52
21
28
48
44
35
22
28
63
2
70
3
29
49
15
20
64
12
1
53
35
50
33
56
4
28
5
5
59
27
13
41
52
18
26
43
23
40
25
7
57
71
58
10
1
43
7
6
16
63
41
49
9
13
13
29
12
31
69
17
12
8
72
19
33
29
19
