143
100000
17493
59605
17854
33206
42048
60556
42664
24943
2455
35274
51907
54703
74716
30231
42331
4397
9808
9213
69058
61257
11518
53093
36703
7924
52230
40395
8273
7469
6649
51675
50954
22116
18151
3955
47447
5
29755
15671
5842
16709
55587
68083
10335
45748
32136
69238
38719
27919
4042
20657
30422
17127
42397
24919
62788
43596
67988
3926
9571
36695
1575
223
40714
11443
9244
35182
787
43308
54696
12417
51294
64726
4116
7947
66157
38602
4895
15989
47428
10819
20524
53919
47577
5830
21270
24795
31609
51339
39875
26295
20592
3501
69141
28046
52553
31917
8556
8331
25810
850
48325
13704
53118
46907
30673
16810
48282
66794
7710
14519
27335
68126
35093
34284
33043
69327
14472
24399
39954
67504
47770
8410
46264
18623
4883
119
21693
27410
44015
21363
61440
67071
14111
51590
5703
7847
56404
30762
37365
5343
63082
20512
41803
