147
10000
4547
5925
1043
836
6055
3435
806
2871
626
720
1453
3275
5349
1879
939
2989
170
3677
798
2195
88
5557
4287
3724
1599
7438
3959
3116
2392
4265
2020
5077
3777
2198
51
3875
230
719
977
6531
6963
433
4299
1346
4432
6463
1431
6355
2700
3645
5701
365
605
3809
3636
7129
1303
70
3505
3494
1086
7036
5078
96
5451
581
2964
5978
3885
2596
3911
2928
4770
3270
4651
5713
298
4194
1834
6941
2156
5299
5428
3258
1400
1890
1380
1091
229
2874
1570
4521
5601
1589
2464
7090
297
2065
2330
3777
3106
439
2340
344
1568
2
6365
1593
3186
3210
6790
7140
4160
2166
2196
2562
1101
2471
6352
6827
3467
622
2956
2195
1043
1523
1848
536
5357
1931
768
5070
2764
1210
5916
6495
6024
4572
2697
5902
5438
1817
845
1447
1744
2041
1132
