156
1000000
300224
548251
705849
244502
83842
360360
530381
91766
238825
318366
706281
699776
695835
351929
259837
179810
42934
673086
706533
35803
75498
238810
314395
212797
133051
351521
496215
293467
91727
270513
78607
59142
136689
419124
459830
346867
344313
685605
586880
34932
310771
441429
213882
483062
459666
110755
102858
569455
20759
403133
430606
64406
346547
181368
9085
604969
369112
438856
21314
540334
213263
230406
624627
22707
4622
133436
538389
116843
612753
55799
324646
6684
257892
264441
281078
40494
625431
87113
380574
732701
65852
62176
276187
278959
247266
464719
545918
324524
211373
111414
35383
552499
75183
572879
596869
213722
306662
115136
28203
11727
489554
97984
569394
127074
105080
138834
164364
228029
45239
426604
356549
289659
414936
208011
465046
370129
678870
91978
80269
500969
395031
266709
368910
316985
97630
714586
3974
242079
289391
246540
373828
171409
124692
262510
198085
499031
75431
158546
231098
6293
182556
185235
184848
372068
294822
481983
32909
493105
281773
302441
43676
242709
134616
558
310489
387792
