151
10000
5796
6122
604
5296
2058
7020
1047
5543
1532
151
4640
3489
6215
5360
4125
233
3164
2358
5888
611
2901
287
2392
9
1670
2711
622
3829
4368
3785
1741
3242
287
4401
2926
6351
4112
1813
4351
3878
896
6467
6
1315
4036
544
819
3415
2160
2161
1071
1313
671
4499
1775
3093
1500
264
52
791
1467
1283
3127
4777
1283
1728
6717
5136
3671
4175
4592
1229
5368
2415
1499
3075
3908
2304
2980
2933
4797
121
4094
2775
3257
2272
1931
3533
1594
4879
4064
3396
5679
6901
2533
4483
5223
733
5602
5500
392
6283
1780
2437
3228
590
2417
1198
5449
1801
1309
6269
7391
4708
3873
1031
736
7314
600
6585
4704
688
1299
1134
1352
3925
3831
3099
5082
2746
229
2485
2130
1264
1607
6731
2638
6164
3052
5293
1021
2506
1663
3099
1141
2704
236
510
3425
993
7048
