141
100000000
71803218
22129699
46154157
10392552
29405098
17212361
13203386
5269660
14813086
28933122
45118468
61835410
57790600
23290298
11835987
54550076
53044254
9064739
13856900
26212103
70322938
18710545
2495600
40770917
4862358
72948161
24783776
18546544
10566
33502496
42701942
26076804
15742401
74650394
58256451
70694000
2522570
27826792
43033148
17325303
23879587
56966852
53678375
46320847
8168556
59295085
6051669
72173208
34066631
64077094
64992277
16527141
64858457
29414657
44622569
45067185
35007723
23870585
47133628
69354624
55279227
26187471
2938506
57521970
4647074
27430938
67611129
4481738
50360368
53967354
20995486
21994151
50618266
25256538
29062067
44720773
5610268
18903095
36353850
25349606
3232561
56798468
44937883
68591900
73688196
19177679
2828004
23451715
15237021
16467368
67553356
40704915
24561252
954578
19817389
65686156
42030378
70849851
38534472
46955746
74268137
4049462
11039364
1984679
21281675
12736702
4306198
27143162
35782732
17919499
12314813
34313844
33247732
40158982
5460556
17075107
17099524
1410532
3934607
17050148
19243258
33653547
36282993
31309041
9332760
43207206
27706870
13998927
19209477
707629
591542
64155398
14737026
6105908
27738370
29677062
35844602
40576488
70594902
27576014
36599132
