148
100000000
17629279
6979571
325610
3078293
49083836
3060918
45285611
44103407
14484532
36609823
71815722
48081955
26949642
46532882
27221217
59971540
3087251
36486610
9425801
29921532
17634884
203214
20536158
47107460
62424140
787883
26965039
41933277
27019193
24676491
63926385
316064
63513390
62776702
40404262
56615864
41208216
35075903
34426231
16182156
16669177
5558269
24420759
34439559
37002350
440751
49463288
3597444
30672017
12232613
29737208
23896971
20681725
23134275
18525302
30410555
38671442
31110
325352
9013642
24438119
27435087
15743203
38733592
53141766
39373608
16260864
47750086
11923414
41093402
9506749
11036909
46816743
21634804
37559774
1492445
72862708
35748005
7924417
21902396
21022638
45004792
63902460
8351200
29731049
51400157
44061238
55938762
34488609
65560441
9735338
30600291
31568189
31458474
14102205
8637761
61266408
14056534
65972122
27260556
63074113
17362894
34022118
15681489
12546807
9066828
1193597
33613448
68152574
3531156
34027878
45153374
58906598
7074550
33265453
61686589
40697895
46172155
3691668
70154592
27459779
23359283
17260937
5745890
22327874
16827136
29470797
35907433
55478507
38313411
27072452
13557323
5384426
45362766
6731682
5637388
925492
65573769
34971765
39562765
61443689
42818802
17816637
57278840
29489483
33512694
69589445
42754691
