150
1000000
34262
471898
247883
294013
543858
263530
100967
256174
113894
325067
561449
152971
73497
527917
690608
385376
342909
239616
673249
636009
402404
147367
698796
191272
524300
89295
381465
189495
180430
453034
24063
579401
459072
113298
28499
278999
438551
124111
207543
154402
203589
182555
6299
480787
286309
76144
72401
80258
159481
335146
334067
664854
54968
298252
583083
224971
611368
48903
435024
448618
164853
146191
74276
127261
122604
229032
206364
42325
81280
367402
420400
582319
25130
405662
187906
117467
5777
488041
540928
336634
203248
483332
188884
262656
67194
339218
136483
587
281181
53033
621949
512891
140749
115335
452201
487109
420599
671939
440078
488804
187428
564976
32738
157518
537814
405900
547799
120518
642917
168017
8146
245528
23155
39051
113570
199531
195201
519659
456142
333437
15342
353035
363991
201442
457855
351968
743311
183975
618535
577364
77804
343789
531136
243516
363697
736470
368014
321995
197893
83519
498159
463678
32045
353248
418175
259623
466839
293923
86204
267067
