150
100
48
7
57
29
38
55
27
41
29
1
19
26
8
16
39
11
71
28
53
68
9
14
4
69
65
30
27
1
10
36
43
12
22
43
33
61
7
17
7
26
32
35
4
69
39
27
10
22
72
22
3
44
59
63
6
17
25
36
10
47
35
22
21
54
22
57
39
47
14
49
72
24
15
55
31
1
46
59
38
5
9
13
62
33
1
24
56
14
33
35
1
36
28
11
71
36
3
30
46
28
12
25
57
4
47
31
23
6
60
25
17
7
45
13
8
27
29
17
32
12
31
61
49
39
18
5
2
31
37
1
26
36
37
71
42
25
63
9
1
12
2
27
20
38
22
68
63
12
22
8
