152
10000000
4889935
6217762
3628634
1209641
763759
2876918
1061538
2369062
3108424
2313002
3292098
2341874
343778
4231788
4545348
577853
1049795
765379
5158788
813583
614612
4510125
1711076
1719114
6134869
1912480
6319672
5206583
3133169
6001245
3614962
2404394
4482755
3299024
5185088
1350484
1503791
5429528
468400
131540
5812931
5613244
1840082
2582843
3054475
6932071
1439226
2304170
1299142
1561065
5550053
51694
5023560
4468308
6519677
2272632
995537
1649386
5819586
384764
6303713
5251980
6817355
3146182
4943759
2335208
985471
2577582
1449703
5557758
3141252
577264
1105840
456077
4359650
4886486
4117736
636989
2867743
333638
2267934
1334396
5620054
6889132
4386756
3807942
2849668
1473753
3735372
1625584
3487930
3276248
4525676
410697
1404835
1934743
3051877
5019400
1115959
1882395
3472649
1238694
1563992
1553670
4156625
1207691
4177862
3715435
3865131
5049
210454
4166597
3455901
1442159
7365433
4609356
822305
6022718
271686
1055505
5034669
2364812
4282181
6799691
3008317
4814912
4187069
3115551
5860668
1360620
267741
6613
1781933
287644
2397145
1799766
5658107
2521370
915240
6385038
3397929
229481
1598365
636098
2108978
91885
2473879
7150332
4965331
169340
3744935
2387395
