144
100000000
71218706
25963140
13092431
54589
21301076
20510224
72894905
32179061
20347123
73096228
37462129
26903772
51534278
10081401
27240325
22929196
35102025
9730152
27389841
10655644
28781294
42475212
12329035
46305151
4656950
20983290
56777658
1990558
23768672
43171268
23377864
45626697
11870950
928481
61748965
26395127
19658849
24263375
3487974
66007555
15130796
330604
32600088
1136447
53306292
19861042
12485765
124476
72695230
17476073
63641301
28136199
35377811
69047191
30873231
7446246
36594772
6135270
39433728
27304770
36152599
6160523
9955320
44915926
46779946
8323808
54042699
66331327
38335178
35444695
34657599
32861942
20922217
52823286
64378470
54391483
19988072
16224607
5549937
53694849
3662145
58216662
49423495
2093365
26651557
35677217
66057559
49926991
9459868
47176714
50721382
61551095
34171145
15556296
13037544
991661
55084074
26898831
12292306
14873171
49084671
42431987
54119317
35165988
39695512
3059042
21449644
3176530
43969555
12923562
36759869
18458747
49335787
4071424
328224
41065340
2550308
51595515
56357938
19536711
39794551
73876658
30609631
61964672
23515619
15804397
44342059
21810721
55652159
41455114
23226298
43222342
41726509
33992445
1975726
43835735
2168373
58112084
4384227
45880683
48109335
20832222
2857973
56828732
