158
100000000
51514586
50680480
39068464
20549605
30991574
2033073
61504037
29266887
38974972
34303509
37949446
16379184
10748791
27433942
38346580
56856414
32309677
43434304
14909074
9619019
18203307
31221310
32920796
11813883
14022814
11173033
35178269
70116362
2353917
10522925
38635628
51385393
371620
17104284
53014736
16161744
5642074
58107701
2202315
14161641
3650199
15963460
35834617
71381343
21035771
11718880
20672689
48659987
52242
6611103
36552569
2491729
35464474
61435563
28517680
16255631
28486523
32875887
40310065
60836098
7581707
22399130
16352643
42219858
35771392
35003160
21926914
38066626
1769034
22503532
23163995
11074305
38495963
63046133
9207856
14148839
33523161
9299469
25175882
1795707
68941772
24640758
67690323
39315138
16825629
9876368
45869020
28159442
50639144
20339029
68964079
39298634
5768838
24039994
51101963
27307207
24731426
51080848
30916906
26404622
47985977
16060905
6588731
67249591
18665526
65407533
22149829
2178108
37275476
19698223
12144345
31419092
5193225
51456457
57857420
16448214
26625957
9586414
9782798
52852495
15174549
23758176
7360498
42452690
20803661
43631303
18026781
38561524
20698694
39028839
29399242
27354795
31058228
262195
45601974
6219527
19217527
13435424
28267496
72692793
30447218
7480192
26326369
26873733
19576407
16516971
47654172
47833145
26847188
1990598
1391544
32943764
34310592
42142580
29544883
14075081
11063853
48919152
