152
100000000
48899347
62177612
36286344
12096406
7637602
28769179
10615380
23690616
31084246
23130011
32920971
23418734
3437775
42317877
45453493
5778525
10497966
7653804
51587872
8135838
6146114
45101267
17110759
17191137
61348682
19124813
63196716
52065822
31331706
60012446
36149619
24043932
44827547
32990254
51850880
13504839
15037917
54295271
4683995
1315391
58129310
56132432
18400813
25828425
30544771
69320703
14392256
23041695
12991436
15610643
55500521
516940
50235600
44683079
65196768
22726330
9955385
16493853
58195852
3847635
63037121
52519797
68173546
31461818
49437582
23352076
9854720
25775811
14497048
55577576
31412534
5772659
11058408
4560762
43596491
48864868
41177356
6369885
28677424
3336374
22679335
13343978
56200535
68891318
43867568
38079413
28496680
14737526
37353720
16255840
34879292
32762471
45256755
4106966
14048350
19347427
30518763
50194000
11159586
18823946
34726483
12386931
15639913
15536693
41566248
12076902
41778612
37154363
38651318
50481
2104547
41665983
34559019
14421587
73654329
46093554
8223081
60227172
2716855
10555046
50346698
23648118
42821810
67996910
30083166
48149120
41870690
31155501
58606673
13606205
2677423
66143
17819327
2876456
23971443
17997680
56581063
25213691
9152413
63850381
33979286
2294808
15983657
6360980
21089771
918844
24738797
71503320
49653302
1693415
37449347
23873968
