136
100000000
58233957
27828159
60598168
49571906
43772507
6341818
2657136
48670602
53454920
44414367
7302231
55769885
27166628
17554226
40235556
59764444
34279306
32634056
11575638
22608334
57833553
32152876
18386627
4723964
74882697
8320417
5937159
8927467
48905192
5301303
50428094
42686286
64835028
8511846
9510117
41766043
32260646
9645552
11535531
48017219
26549286
51329398
42679442
2365660
12890251
42734605
38874754
44179519
24033682
2015221
57154767
41210196
35325564
42569191
6149612
46432097
37099939
23182048
24545522
67739354
46545080
5337440
65850
39683131
27223406
42088932
70668340
55585633
3019919
60184865
22306
32576222
158947
4987680
31433769
72991032
8548863
27862741
48007304
47064130
55735801
4848645
8745794
58874655
54379710
4679637
34673711
26589324
54216211
57430809
1747017
66215212
52923388
5563968
61801976
12097609
41435499
11047447
1541685
41243090
23571119
34582143
11923408
42424196
39401832
25094997
43251237
42980921
23530516
71717697
20082959
29060824
43246902
37799914
58564501
57575804
9243883
33588751
21207035
22833396
49430197
30801259
25393457
45637735
18353727
25426815
1597429
18144325
69198741
72833372
26744010
36856322
21939831
55820481
45222949
27008968
