147
10000000
3135085
6647399
3141730
1364624
5398239
5672438
30608
2141430
1982784
2629870
5507324
2879764
3438949
4117473
2817832
73273
51130
1498104
2064523
2590977
147598
2377037
2252775
308107
626079
5205251
411855
3186182
3426096
3066424
1439684
786791
4744606
4222858
1718379
2459212
4509381
4212062
3044192
2460012
1128086
4632115
2288897
791960
2687544
4088910
286936
3303362
2932019
3385517
510093
7494674
4997550
2720913
6451476
7177258
2237297
1071776
6530931
2384105
3340138
2877
6479247
6448917
3540660
83143
4584210
480854
3992092
6864915
315219
1883706
2356492
6959633
4080821
2748135
4529880
5787938
3586889
2881192
221760
677469
3520753
888300
1364016
5937014
3553924
3427509
562510
3418327
3551083
810134
7257391
2607780
6761962
3405865
1309565
3199118
6858270
2126145
3466333
282597
2510938
5990142
4050289
7489062
4327562
184956
940744
2894734
3398224
1945700
1755160
523517
427120
1191397
550547
5791085
2822742
4009858
2490536
4647151
2611314
4267834
2051471
4278723
1949558
1768025
387341
7388686
6146326
1087231
155914
4357131
3692885
3344339
3191444
7182168
1102354
4705366
2829084
3469069
5348580
1410317
1474098
4882105
1932834
