147
1000000
314987
424450
400568
123279
254298
398117
350642
279637
18989
392438
527471
344850
374105
298104
171017
477391
213375
546175
739429
359023
316878
88197
192021
638962
128344
115467
276715
56694
226512
55929
726606
136602
688107
269292
352731
90062
13789
110684
104599
644549
289335
579154
738726
119381
58493
344767
84527
353464
361038
292502
24677
178261
46318
143512
61134
255
106379
295387
94798
40890
186704
600196
640977
175559
200556
1420
524088
274312
681534
23387
235045
167371
260023
67845
153096
221143
255668
612862
591878
349110
487862
96076
728291
124389
341707
77159
181276
47578
314386
367558
1687
562726
647269
315770
489522
277463
689818
136111
484304
369649
153
398655
320276
500005
431005
436845
104469
535576
464424
103597
387138
60645
430820
453825
390736
200140
309421
276097
569441
47301
226638
258613
470951
184562
49033
258838
499995
173217
318466
355451
308636
150115
487089
630473
341483
39964
408122
744951
720363
704613
611988
317259
194625
1790
525112
45197
134429
