142
100000
74329
22707
24237
59355
4731
9525
36589
30495
338
40028
58955
15765
3148
5013
21281
23877
23679
30023
74508
51
22573
48866
5810
63539
45328
31
11339
41052
4678
51424
12129
59169
68029
52793
62878
53196
27321
40831
724
22905
2758
29272
40645
53859
6947
52005
1885
34644
7868
50907
35112
25179
74821
54383
9264
58664
20894
38889
48576
58475
20912
59832
43376
56892
61885
18960
22418
24087
25252
68297
20479
11164
29818
42770
50942
41015
15110
50860
18266
25671
51510
13245
9461
21861
2480
3488
4636
25585
28941
54863
851
40104
13088
73155
23094
34068
25001
13569
284
12369
15673
45303
24860
35685
32251
12340
8757
47009
48567
24256
17640
5114
49093
51134
358
2594
2221
35653
41525
15432
33852
16321
28703
11699
45617
51768
12544
38115
21276
55220
11119
44906
67291
9593
63154
3798
50379
72886
62998
69977
24878
70486
