156
1000
300
549
706
245
83
361
531
92
237
319
707
700
696
352
260
179
42
674
707
36
76
237
314
213
132
352
495
293
92
271
78
60
137
418
460
347
345
686
587
33
311
442
214
484
460
111
102
570
20
401
430
65
344
181
8
605
370
439
19
540
214
231
625
21
5
134
537
117
613
56
325
5
258
263
282
39
626
88
381
733
66
63
277
278
248
465
546
325
212
112
36
553
76
573
597
214
307
116
29
12
490
97
570
128
106
139
165
229
46
427
357
288
415
209
466
371
679
91
80
500
395
267
368
316
98
715
4
243
290
247
372
172
125
263
199
500
76
159
232
5
183
184
183
373
295
482
33
491
281
303
44
242
133
1
311
386
