143
100
70
52
50
9
9
33
9
16
65
36
20
16
22
28
33
25
36
7
24
62
13
60
9
62
32
32
15
41
22
14
48
44
61
3
57
42
18
39
33
17
59
46
66
68
3
7
51
27
27
14
17
20
35
26
22
57
21
67
53
50
30
68
3
3
47
26
71
32
75
7
45
23
27
37
6
23
31
44
25
55
12
46
36
16
40
45
29
4
46
18
39
41
37
5
1
47
19
25
6
42
32
12
38
55
40
26
46
12
12
60
66
72
11
20
54
11
34
24
16
12
3
27
5
28
49
44
9
22
12
4
14
52
61
2
44
5
3
15
17
26
53
39
61
