136
100
21
37
9
74
34
23
46
1
16
58
16
17
16
28
20
18
60
65
28
3
8
73
72
75
5
68
27
40
21
64
33
49
57
2
66
46
65
35
27
25
1
54
36
73
12
29
71
4
57
41
45
28
28
71
32
30
44
1
68
19
24
35
19
13
18
44
37
1
4
51
24
36
56
25
13
7
43
50
47
22
22
43
20
5
34
34
20
12
59
31
14
65
65
1
18
62
15
69
28
5
15
11
49
27
30
22
54
10
56
13
32
22
7
25
5
71
55
25
19
57
34
70
45
24
3
20
2
9
51
12
50
28
47
3
75
39
