159
100000
30419
51957
57791
32371
48705
27125
12520
593
42626
53385
4483
68941
23331
7093
35156
53554
29509
52489
8757
1832
10382
1731
22982
41519
41169
23784
62739
36962
5335
15199
8120
37797
46795
23904
18884
10124
28031
6224
26068
6609
19183
21480
168
25699
1857
9758
68578
50012
10193
59699
50488
53205
12147
40773
2840
14373
31768
68594
26910
2886
10166
20397
3769
29590
25927
29338
24710
73090
5188
11931
25819
58837
20111
47924
18655
8776
15708
1994
4589
6239
779
3137
35152
38979
16108
41681
20315
23876
33019
59016
29339
31534
10524
15130
9134
26737
31714
6687
50518
49544
48240
36626
47889
19028
37345
15404
15450
8687
13401
68805
3818
11564
30864
54565
17486
52654
29918
27
22131
60779
67505
74181
65193
25928
46446
25808
66104
17172
3794
15567
22419
41163
49512
5707
34234
14216
8946
66884
580
4167
7299
21474
21167
28642
24041
18697
41617
13897
45009
4222
8867
36557
53998
48266
62203
73932
49441
5814
21363
