153
10000
3201
679
812
4702
2167
5434
504
7165
4938
2581
3689
2442
3074
6302
134
153
179
2842
2422
2477
4236
4645
176
520
7130
708
1728
2844
4731
7223
7057
922
2063
309
6926
558
2144
6837
401
1926
5207
6156
2301
1830
2688
315
1155
5685
2045
696
2105
2913
581
6111
5478
5122
1850
1813
1868
1922
2444
2381
2623
688
3163
3400
2898
361
985
4565
873
2855
1043
7273
1992
47
2475
1473
228
596
3249
4883
2835
5667
3370
51
4456
2235
2527
841
5769
1665
949
981
5659
805
6306
450
6295
5462
2870
5847
3031
2400
538
4980
4395
2734
4792
3128
4432
7419
3737
1730
2310
6597
5582
2
351
4063
107
1466
4463
588
99
1382
3173
4153
4959
4341
4746
357
962
2631
4850
6898
698
5204
4635
5778
3717
1289
6273
5435
4173
5413
1316
1913
1298
1055
1585
13
452
