163
1000000
210324
296535
11382
102981
169269
655026
210453
490428
347898
71655
390710
278019
479948
69546
54410
56136
218018
174607
401904
180876
144609
15187
337657
468213
415713
150600
449238
315861
272595
570541
115797
199192
111108
211301
32848
145888
66475
160118
312042
314318
138845
11033
288828
551386
203010
277210
11890
12090
356931
330438
80036
472109
125187
82549
245871
94873
584287
19057
438507
365095
636300
466811
57096
160028
515053
115884
191245
402047
2997
237888
68767
513553
416798
443438
447007
128347
708016
192707
125189
68426
561493
5222
218839
96718
277483
212833
108795
533189
90048
98379
12838
306387
171464
609290
306716
229090
470534
161976
413320
483088
170586
273241
160456
485874
502004
5082
432702
488843
580495
344264
295226
241886
39907
223517
140713
251983
415649
320679
122194
176589
177393
729264
405133
173500
320709
28357
443091
239061
164012
272590
132720
410588
367677
110095
93269
544908
316865
83416
111420
192183
114735
407180
299457
709889
14908
139616
554960
531321
654076
607375
71035
7891
301878
685682
262401
300
527502
548001
692020
681157
284425
215507
66586
