152
1000000
488994
621777
362862
120965
76375
287692
106154
236907
310841
231301
329210
234188
34378
423179
454533
57786
104979
76536
515879
81357
61462
451012
171108
171912
613487
191247
631968
520659
313315
600125
361497
240440
448276
329901
518508
135049
150379
542953
46840
13154
581293
561325
184009
258285
305446
693208
143923
230417
129913
156107
555006
5170
502356
446831
651968
227262
99552
164939
581959
38477
630372
525198
681736
314619
494376
233521
98545
257759
144968
555776
314124
57726
110583
45608
435965
488648
411774
63699
286775
33364
226794
133438
562006
688914
438675
380795
284966
147376
373538
162559
348793
327625
452568
41070
140484
193475
305188
501940
111596
188240
347265
123870
156400
155367
415663
120770
417787
371543
386513
505
21045
416659
345589
144216
736544
460936
82228
602272
27169
105551
503466
236482
428219
679970
300832
481492
418707
311556
586067
136061
26773
660
178194
28763
239715
179975
565811
252137
91523
638503
339793
22949
159835
63610
210898
9189
247387
715034
496534
16933
374494
238739
