141
10000000
7180322
2212969
4615416
1039256
2940509
1721235
1320338
526965
1481309
2893313
4511847
6183541
5779060
2329029
1183599
5455008
5304426
906473
1385689
2621211
7032294
1871055
249560
4077090
486234
7294817
2478377
1854655
1057
3350250
4270195
2607681
1574241
7465040
5825646
7069400
252256
2782679
4303314
1732531
2387959
5696686
5367838
4632084
816854
5929509
605167
7217321
3406662
6407710
6499227
1652715
6485846
2941466
4462257
4506719
3500773
2387059
4713363
6935463
5527923
2618746
293850
5752197
464707
2743094
6761113
448174
5036037
5396736
2099549
2199416
5061825
2525653
2906207
4472077
561026
1890310
3635385
2534960
323255
5679847
4493789
6859190
7368820
1917768
282799
2345171
1523703
1646737
6755336
4070491
2456126
95458
1981739
6568616
4203038
7084986
3853448
4695574
7426814
404947
1103937
198467
2128168
1273671
430620
2714317
3578274
1791950
1231480
3431384
3324774
4015899
546054
1707511
1709951
141052
393460
1705015
1924326
3365355
3628300
3130905
933275
4320721
2770687
1399891
1920948
70761
59155
6415540
1473703
610591
2773836
2967706
3584460
4057647
7059491
2757602
3659914
