148
100
55
19
48
24
36
27
39
6
12
10
19
62
56
25
48
26
74
24
29
16
51
66
10
35
27
23
67
34
19
64
20
11
26
34
26
16
27
8
53
45
1
21
26
52
27
73
62
27
15
47
49
1
69
8
39
61
56
25
8
10
13
55
32
14
54
39
10
11
18
19
12
35
45
57
16
14
33
21
34
28
15
32
9
63
37
28
56
35
22
37
26
13
38
22
38
66
9
17
11
55
10
5
14
16
39
31
7
52
48
31
1
63
61
48
19
14
6
45
7
7
28
75
22
19
61
21
52
11
75
12
26
9
62
30
23
28
12
10
74
5
48
4
4
9
16
25
17
15
