136
1000
583
276
606
496
438
64
27
487
535
445
74
558
271
176
402
598
343
327
116
227
579
322
184
46
749
84
59
88
490
50
504
426
649
86
96
417
322
97
116
481
264
513
426
24
129
428
389
441
241
21
572
411
352
425
61
465
371
232
246
678
465
54
12
397
273
420
707
555
31
602
1
326
2
50
313
730
86
277
481
471
558
47
88
589
544
44
347
265
543
575
18
663
530
56
617
121
414
111
14
413
235
346
120
425
394
250
433
430
236
718
201
291
431
365
586
575
93
335
210
227
495
308
254
456
183
253
16
181
692
729
268
369
220
559
453
270
