147
1000000
81218
372143
22845
100700
353131
551459
654058
259329
182581
395960
350468
156897
215473
285708
188737
434633
173050
64655
748343
135903
251657
1602
303995
164761
488502
20130
640199
90654
498325
16966
587699
286202
493782
365893
289756
130210
117728
672013
448541
265001
48384
451288
19836
695727
169672
419017
164378
264390
166611
24697
634107
323019
580983
173889
378171
248469
311284
10771
470950
385755
149115
327987
71098
413802
83670
222435
382375
656551
186726
266382
154263
381751
242333
266837
310547
275990
399100
414149
304273
137085
269503
221208
49
433267
617625
585851
465169
74449
120098
735610
195529
76003
187418
206456
509896
364570
563621
398123
192078
335188
57032
726776
79977
529050
67496
614245
105122
551317
358315
727593
50971
335512
166569
688228
196828
214731
646869
488
369089
652006
224200
162353
627857
552368
36007
46821
376684
359801
258664
600900
379104
319262
69993
106343
152028
449757
240696
169997
280388
464300
189078
86810
124838
273224
531627
358880
419321
