145
10000
3284
3198
2154
3753
1224
332
2703
2336
6201
6139
3131
1183
6844
1050
4338
1346
5554
7096
5616
4079
3765
5427
2048
4907
4208
2665
1440
6035
3595
2419
1260
3965
6085
1110
1390
3861
3879
3799
7330
5015
7342
5509
2424
221
6840
2315
7049
4531
1701
877
5141
165
1693
2607
5100
1274
2866
5281
1888
765
1876
5469
6273
3902
3126
1229
2666
3749
420
491
5480
560
5624
923
6697
6081
2525
2670
1598
3
4642
603
234
387
681
4129
965
6438
146
1558
3626
2948
2139
4194
2082
449
318
5342
367
6728
4719
7037
97
144
2350
2269
3262
316
5422
1111
2760
770
1666
7396
7334
1385
1768
178
4658
1898
1673
2034
1913
4880
2369
6251
1289
3671
401
6015
5700
3384
1456
4284
457
522
5398
105
3499
6030
557
2111
2368
5140
1262
