156
100000000
34773071
30931528
33730511
238420
51115735
1181273
40835108
10953346
8006159
31002509
12550883
14835945
20812131
52310697
42391970
53397251
33378449
30703590
22477616
55385112
29909819
33912501
71986548
45845952
32148145
46783535
34167249
3629291
54154048
27840388
16571170
34372734
28013452
52524743
47689303
6091236
10732150
34478760
25625096
27096003
2616015
2620525
74357859
53769279
18149908
24831322
36684824
50618691
58681727
7481519
4529878
23695529
26331339
42507703
14941860
19235629
28962028
66621551
67834423
44766737
16071347
19120490
39249434
17303296
27376855
42682380
53992135
39896144
13983690
23330011
8654828
18146413
24328683
71750057
7525817
8536881
6279523
51765176
14468327
33458
12823295
13915470
35222815
32657561
50346751
32122975
12767769
50130470
14373214
13865824
3548490
30473471
27118154
70596195
57171
17363457
27832889
66298112
590186
9512726
12480626
15277297
14792356
26136294
43824317
59524697
45504991
10936981
5212753
50226743
27579940
72682433
13102523
19237650
1902091
28249943
35857787
17895029
19245078
56245616
48864332
23730802
25195734
18116324
402474
46230721
54861813
42875149
19163617
32909747
7587762
37324045
34525828
50811982
18569779
33701888
3082183
48884265
10729314
12350935
891200
14670109
5421600
40522831
21908106
9469425
55284483
36645295
11750329
46602749
22856679
60750566
1692169
11572904
67624438
6569565
