148
100000000
43878244
19651299
3173710
36550536
5851411
6913094
24966519
14644226
2672797
19320633
14619174
36808301
52288645
65845306
56121756
12071430
53720674
4454698
35313530
37684127
70095591
48004947
57969722
38956592
20615342
49015570
57667590
18535529
13369370
26672366
65424750
6305269
3453861
4683829
54567021
46863436
21453265
35982826
65334544
51517029
39918319
22879422
7867318
6555264
1455454
1847717
29442874
62268398
30455431
20095533
11438071
4905331
17481147
1280213
68435856
70557126
62315873
7921063
21141761
35199089
37111219
10015047
1008698
1784155
9216595
4567357
54378812
31992659
38565245
15802462
42030278
15529098
48498574
8624325
18772788
43866392
51668088
30234606
25230170
49307
26080480
40386062
44127735
54849559
46617238
34154694
68464561
33815931
1847651
7462363
46698816
24275726
58238653
12765083
12924484
18897487
56344980
29904409
35552850
42879913
36396063
42684244
27639371
40248992
37408581
33354842
4298725
3688066
66123533
60081681
7617422
27958061
61372779
28917101
30138835
1425309
10622978
8599905
9710120
20118478
40066804
33876467
28494237
23418622
28011041
15518600
73995363
5161640
29457921
2126655
35021233
5722173
16063089
68072791
39495832
9437941
40215253
31927209
70795949
59677255
3588216
48239121
29204051
42669624
41761347
50499081
30632634
26710396
