156
10000000
3477308
3093152
3373052
23842
5111574
118126
4083511
1095335
800616
3100251
1255089
1483595
2081214
5231069
4239197
5339726
3337844
3070359
2247762
5538512
2990981
3391251
7198655
4584596
3214815
4678353
3416725
362930
5415404
2784039
1657117
3437274
2801345
5252475
4768931
609124
1073215
3447876
2562509
2709599
261602
262053
7435786
5376927
1814991
2483130
3668483
5061870
5868173
748152
452988
2369552
2633134
4250769
1494186
1923562
2896203
6662156
6783443
4476673
1607134
1912047
3924943
1730330
2737686
4268238
5399214
3989615
1398369
2333002
865483
1814642
2432867
7175006
752582
853686
627953
5176518
1446833
3346
1282330
1391546
3522282
3265755
5034676
3212298
1276777
5013046
1437322
1386583
354849
3047348
2711814
7059620
5716
1736346
2783289
6629812
59019
951273
1248063
1527730
1479236
2613630
4382432
5952470
4550500
1093699
521276
5022675
2757994
7268244
1310251
1923764
190208
2824994
3585779
1789503
1924508
5624561
4886434
2373079
2519572
1811632
40248
4623073
5486182
4287515
1916362
3290975
758775
3732405
3452583
5081199
1856976
3370188
308216
4888426
1072932
1235094
89119
1467011
542158
4052284
2190811
946941
5528449
3664530
1175033
4660274
2285667
6075057
169217
1157289
6762444
656957
