148
100
52
15
50
57
16
74
49
12
23
24
24
13
27
14
3
4
27
14
65
26
67
2
24
3
26
50
53
43
19
36
21
9
10
37
74
16
39
44
45
1
12
11
54
17
39
47
44
28
60
70
2
45
40
64
52
6
10
48
2
28
16
43
40
1
3
17
5
9
11
54
8
70
14
17
36
9
74
31
52
2
50
10
30
43
28
72
21
35
48
57
72
37
18
28
40
42
60
23
45
3
30
7
60
51
46
59
44
24
28
42
33
7
29
49
26
49
23
60
6
55
12
1
1
9
3
60
12
9
37
13
23
27
7
1
3
63
63
46
29
35
9
31
2
33
17
12
40
13
