145
1000
200
314
365
553
310
134
95
160
99
470
711
375
562
278
233
120
1
180
331
333
3
69
25
132
652
744
390
399
200
208
77
445
36
388
444
165
253
98
256
504
531
418
119
46
474
567
239
429
20
572
58
55
359
116
632
12
6
443
247
400
195
516
127
205
469
125
490
471
113
537
740
26
175
698
374
526
312
264
510
38
272
41
398
390
737
379
69
510
22
186
51
302
290
16
559
467
272
447
197
250
398
750
207
401
572
285
474
289
260
556
396
557
491
322
179
288
291
25
533
490
311
434
112
348
403
69
349
328
136
682
21
216
621
44
230
105
44
397
416
441
376
475
36
255
566
