155
1000
420
306
335
500
343
115
95
126
491
32
11
481
624
328
290
95
273
359
114
674
342
696
117
545
112
596
44
561
323
607
446
634
380
126
292
8
104
304
568
258
186
672
579
1
252
674
550
157
216
147
1
555
122
24
359
103
617
650
116
118
97
20
40
45
481
612
225
602
69
43
404
28
379
413
408
265
64
59
187
727
123
727
119
554
301
261
739
566
36
164
19
314
70
357
434
192
502
74
1
142
119
259
289
665
443
145
175
188
1
44
124
86
311
82
30
146
27
161
5
524
129
363
10
452
744
618
641
77
398
473
245
217
637
19
265
742
326
473
560
48
28
216
262
428
268
74
553
313
298
376
116
380
209
113
68
