136
1000
687
603
333
385
405
478
509
271
276
634
602
73
360
732
284
589
174
254
153
310
233
143
207
200
505
334
311
15
202
149
746
181
324
291
330
412
21
20
552
1
662
281
667
653
371
135
532
386
588
574
50
86
184
315
328
605
123
115
387
10
356
416
1
193
258
445
208
236
131
23
395
337
347
492
614
342
665
401
549
237
183
555
12
359
78
364
522
495
522
122
203
81
90
627
279
742
295
541
218
238
385
379
52
613
108
54
440
11
91
198
343
129
579
686
406
405
534
142
234
268
258
342
446
87
295
704
31
327
342
152
673
478
136
603
13
543
