149
100000
56061
44366
49600
40383
13029
60246
12106
64673
18573
32743
67237
4452
74603
3806
39036
17084
28916
54744
61685
11108
15327
13767
19407
7409
44787
29145
2225
7343
11003
5620
13917
15428
15883
44274
34443
17853
54488
7353
17112
74975
4308
58993
10349
14809
69276
41342
48083
31984
65575
28
46629
10875
48878
794
53699
4140
13753
17724
12296
5298
43852
74107
6970
25397
5606
56295
2693
27285
71679
12819
29005
43705
22049
55933
2440
26099
56208
65466
25893
26559
27629
21915
58947
4584
70453
22210
52240
29435
12304
1798
59617
9044
25645
27731
38315
41053
21381
5410
5334
44269
56839
49078
60419
28321
34425
16831
28188
6811
19108
28485
26198
54220
22790
64483
15231
22351
5463
51917
48429
6021
10746
2671
39465
64975
8112
45795
70995
55731
32206
27672
45512
17403
10309
25767
14342
18294
15604
29547
21094
17905
16864
4312
73901
18179
10198
7975
45256
73175
5970
