152
100
49
63
35
13
6
29
11
24
31
24
33
24
4
43
11
6
10
6
52
7
7
44
18
18
62
18
64
53
29
61
37
25
45
31
51
14
14
55
5
2
58
57
19
26
3
70
15
24
12
16
56
1
51
45
66
21
8
17
59
4
64
53
69
32
50
24
8
26
12
56
30
4
10
5
44
48
42
7
29
4
23
12
57
69
43
39
32
15
38
17
35
33
46
5
15
20
31
51
12
19
35
13
16
16
42
13
42
36
38
1
1
41
33
15
74
47
6
61
3
11
50
22
43
68
31
49
42
32
59
13
1
29
18
1
24
16
57
26
8
63
34
3
15
7
22
1
24
71
50
26
38
22
