143
100000
43195
6720
43706
11299
53600
25659
27992
21806
45354
32885
67115
30879
5049
7649
38717
54566
25983
4465
26418
61095
39103
35788
40249
45813
21726
5417
33345
72362
43267
21813
25398
66655
4651
16961
45303
30062
17757
29148
64057
15534
2377
47395
36376
28971
38757
13133
40266
24403
52413
2652
17450
30
9199
42216
6737
41676
36553
54646
52181
72244
11249
3360
37815
49481
26950
47272
24356
14055
61532
71097
20909
19683
30635
29691
23892
43631
9022
1802
12296
47819
25787
8547
18185
14101
69938
24908
30927
41214
20295
20121
41811
72968
3353
56703
2628
28249
12809
57603
68729
5665
3675
5419
31708
5285
34940
29116
49777
33663
54187
64890
41391
61543
65774
23707
26396
38268
9564
44869
9364
16672
27638
2117
57784
26215
31098
26812
35537
72812
29315
17652
22679
1577
39137
50085
2485
59998
20021
8243
31271
66212
14092
33900
33788
