151
10000
5960
6263
2675
447
6182
3148
1130
6934
4901
2590
3382
2306
2281
2721
3457
7298
5771
766
7328
804
4190
3687
712
2734
1380
4157
6967
2586
7410
3937
706
1361
11
6132
2834
3340
5907
3944
2208
2223
5053
446
2702
5389
1975
5184
1509
5753
5788
3285
7166
1
1809
3955
2273
2672
292
3923
3599
188
5829
3801
1367
813
3542
3544
239
7497
1491
519
1271
1974
5266
116
5131
3453
5456
2213
1003
3847
2683
4124
6547
404
245
1335
5805
673
1107
3835
1914
6457
6139
827
492
4786
2568
599
45
819
290
6717
4040
6215
404
1365
3818
752
3167
6155
7019
974
517
3498
1944
560
1881
3018
2397
200
802
1075
2690
1873
3706
2827
3464
843
2254
2309
3221
2128
5843
2714
496
7478
1957
2421
68
4054
1990
909
3725
1352
586
5549
5481
144
2952
4163
487
