161
1000
36
411
750
246
164
184
285
565
653
196
410
172
149
175
552
265
3
238
38
257
145
264
720
153
628
40
181
231
604
16
137
92
388
87
156
255
102
516
29
53
44
525
455
591
580
157
306
29
327
174
228
482
213
467
353
555
78
136
294
95
594
41
745
201
200
245
21
471
735
677
341
67
403
115
154
35
152
347
116
230
332
280
371
302
113
153
315
336
642
641
121
334
484
278
111
273
700
68
168
373
705
217
28
99
265
72
380
57
255
4
359
62
318
311
76
365
390
23
115
121
667
98
232
72
218
38
7
391
314
20
598
689
150
1
628
635
185
432
175
638
106
461
476
220
16
45
359
252
558
24
73
109
310
27
742
314
71
488
442
59
518
