149
10000000
4677312
1162652
1584277
118511
3556073
1025074
1751248
7400958
884220
4780626
2865931
56555
7030216
2121629
6966561
4079228
33593
7406543
5538402
371201
917705
3025835
1855273
1256511
3221444
4393948
1450236
2088840
613515
425286
2038547
59234
1826774
654521
2597540
1951548
3033439
7368513
7392361
6565737
3693390
1795067
941651
291096
6306610
1459750
33947
733684
5139614
3806690
5917994
4062971
844224
890994
4941808
5606052
1161991
1243460
1777889
3380922
5578456
7311285
1755116
590025
3052954
1501669
3077221
2104739
5196276
1935072
7134069
836175
5283
6086604
1107273
1450409
577079
5347000
4652764
5347236
4731537
4303033
2147953
3976166
763571
2607639
7031034
2891366
295771
2084778
6628226
1440139
7325197
823312
3210699
4775038
305134
6288007
4655771
3776678
1066814
4435293
480316
6395300
6000932
4575074
2171183
4022127
5424926
3999068
477289
911213
816
1789159
3366998
3176925
3080678
2240869
3730941
4339188
5544634
5876739
7383976
4082006
270970
1037554
1773272
925096
5562118
351540
1102189
2024731
6260985
398644
2039830
5297451
2997743
5917519
1244705
3140838
2593457
2680184
3434263
753643
2616024
2429229
1143010
1247800
3299566
