141
100000000
38096036
49006834
65857201
65789393
13616085
9949343
44722519
20893443
60599515
25765196
20558610
47831016
38899925
25044997
7850772
41433038
34394799
42415311
34141972
65704827
51112052
41239919
14848025
70434749
10913887
7870851
70699713
72663759
33919499
21554912
35936778
54691314
34654680
56705726
16797054
43605329
48432458
16293064
14799815
3500120
13989189
22915720
67591632
580104
18003993
21696555
12814341
32408368
5226210
43439088
16946
43096082
33282939
63526109
48849207
22907472
30635059
55553674
52168984
38106022
39635094
29565251
56560912
55288367
2690496
40477666
24142319
22388329
30660649
33847973
57584689
39400485
59795121
26503633
8426421
23335284
21131948
22189452
1012234
24524927
47695637
72760231
40603778
62517209
45614947
5959829
8261046
53361648
39763542
8878455
20526714
3545122
41555574
18398619
31203348
21725566
71701239
41962360
58566962
46638352
5645221
29300287
11898864
12197826
9211332
34196817
39232958
22823303
6088111
45190049
4213059
731076
21111042
28298761
51983447
29048623
23396338
20318154
44711633
5842128
27336241
44240419
38741
3119999
22842484
39772237
60236458
37482791
5813242
8244316
53032808
34210607
22303009
29314649
4035762
402167
40187933
55759581
58037640
19495598
28200631
