147
10000
3135
6648
3141
1365
5397
5672
29
2142
1983
2630
5508
2880
3439
4116
2817
74
47
1499
2065
2591
146
2378
2253
309
627
5206
411
3187
3427
3067
1440
787
4745
4223
1719
2460
4508
4213
3042
2461
1129
4633
2289
792
2688
4089
285
3304
2933
3386
511
7495
4998
2721
6452
7178
2238
1072
6530
2385
3341
3
6480
6449
3538
84
4583
481
3993
6865
316
1884
2357
6960
4081
2749
4530
5787
3586
2882
222
676
3520
886
1363
5938
3554
3426
563
3417
3551
811
7258
2608
6762
3406
1310
3200
6859
2125
3467
281
2510
5990
4051
7490
4328
185
940
2895
3399
1946
1756
522
426
1192
551
5792
2822
4010
2489
4648
2611
4266
2050
4278
1950
1767
386
7389
6147
1088
156
4356
3692
3345
3192
7183
1103
4705
2830
3470
5348
1411
1475
4883
1930
