150
100000000
18165173
495617
5824912
36174545
21963641
3659412
9830172
637922
54130949
58285283
65398398
30304575
19469605
11163712
4760311
39128179
28991234
8078634
14113385
74544036
58682398
39461337
19176058
51344816
50245793
16843842
6812991
44259901
6321032
5795182
25455964
52774870
9796292
32376400
46115994
16375155
74487796
14239355
20261861
30234914
42545932
40412139
58854718
61622648
49145233
30008470
7376445
46211078
911414
39791571
71973242
15721719
53788922
28026758
27453192
8062888
1923146
48624232
18127394
16038491
40024696
21533510
7540768
1093485
8924219
12269884
39642821
27589468
37454788
4948434
65375211
7940683
38863026
45455573
57293987
37609613
34601602
70824566
68319530
69765086
1681597
10371634
27297101
46175689
59329275
18333873
56536591
3454279
24289604
31731911
38640940
4887590
26732036
26692993
63825455
9137049
37346541
58428335
27611884
212129
11191193
9916127
6061365
49754207
49952161
6749716
40050624
46395928
62945878
1006751
4843353
2348
21482689
47762431
67623600
26155987
3982111
25298394
18156209
45100518
73193006
60357179
41097199
21805765
22124723
1356869
32779494
69991530
3735899
20709883
44296886
54403865
34933328
21496444
16896550
2309456
41571665
61136974
41317602
27334075
65687756
8124541
10368687
26649730
15025196
899881
3424735
33806007
28672698
7472053
