151
100
75
6
23
1
1
25
32
19
12
10
20
17
20
36
17
31
13
66
10
4
41
49
24
64
36
39
8
75
30
59
16
27
55
15
45
47
24
1
31
20
64
8
1
43
8
63
50
3
30
27
62
1
2
42
73
37
7
4
59
35
18
35
9
61
15
15
43
7
58
57
10
17
63
18
35
41
68
24
30
6
27
33
73
33
13
2
42
13
3
57
37
8
40
30
14
8
28
16
35
68
7
26
75
20
11
57
14
22
20
68
35
55
34
1
67
65
5
75
59
41
19
34
31
19
5
42
17
32
7
11
31
6
6
33
32
33
10
36
58
13
35
40
7
68
8
22
11
56
13
7
28
