147
100000
1464
16598
36641
54443
41735
318
59834
552
20033
39583
6040
17492
14253
19782
23152
19292
2257
19129
4732
17182
56107
22811
7328
54211
67178
20775
4971
56523
9849
49463
3195
27418
10470
63620
39310
53489
35674
14611
28362
23024
18655
15446
40166
46990
43155
35694
69348
24754
73713
11128
71611
26287
33760
3495
8777
15939
36602
23847
46197
45548
10675
46365
30847
45557
38656
24144
24196
54671
5386
16642
19864
69529
13829
12546
57870
42130
18241
74766
13986
2750
10537
42750
39521
12684
22342
68645
54840
52339
28389
17024
52204
64306
14605
66969
51204
16641
3624
73861
57250
48068
6001
692
27
7487
17696
43235
10962
22095
5315
47062
25781
4031
4905
50537
71910
1328
19464
54452
18488
41468
54447
45
19561
19021
52794
53635
7896
21015
60479
2722
7651
73150
73524
17098
58674
70936
4367
2587
31355
23914
21035
63398
36472
57431
13541
25189
661
