147
1000
313
665
314
137
538
567
2
215
199
263
551
288
344
411
281
8
3
150
207
260
14
238
226
31
63
521
40
319
343
307
144
79
475
423
172
246
450
422
303
247
113
464
229
80
269
409
27
331
294
339
52
750
500
273
646
718
224
108
653
239
335
1
648
645
352
9
456
49
400
687
32
189
236
696
409
275
453
578
357
289
23
67
352
86
135
594
356
341
57
341
355
82
726
261
677
341
131
320
686
209
347
27
251
599
406
749
433
19
93
290
340
195
176
52
41
120
56
580
282
401
248
465
261
425
204
427
195
175
38
739
615
109
16
435
369
335
320
719
111
469
283
347
534
142
148
489
192
