147
10000
4649
1779
1296
7129
229
5310
4477
4782
3062
2617
2615
3605
6710
7140
2713
7178
290
3290
5351
2531
3738
5256
5372
2395
7067
3091
4166
155
819
6517
3606
2596
428
4693
560
4332
1484
665
7275
19
95
3672
6420
3462
829
2234
7383
5334
7376
3614
1644
2097
2719
2701
6565
5529
9
1005
1265
6
4452
4719
273
2894
6294
5724
3810
76
4276
6741
3723
3504
2775
2698
2886
142
4042
3580
6682
1521
3552
4690
1800
2816
240
2426
2049
2066
124
2933
1092
94
1181
2108
1023
1096
6538
79
2390
6488
1658
857
335
1609
2696
1656
7268
1142
32
2162
1844
2933
1553
1985
1858
2167
5357
3614
429
4763
710
5151
1542
60
3192
2101
4871
3296
7106
2164
1709
7370
3574
2048
2002
3813
7131
2123
1384
5826
2767
1850
1216
3591
2486
620
3836
