160
100000000
11520848
68174341
24826651
41716876
48864078
25793936
3180490
23712346
28100268
13243800
46004408
42573216
5307690
49065006
44216968
19283284
18751589
28888222
21798246
57426784
44710794
36495057
29303337
26981502
31341304
14338712
5333367
46095569
31143376
58283124
61141572
687217
63532911
38858428
12294645
17184838
12840768
54769734
40684943
2053483
28607732
71586773
19503404
51568863
15259382
50106846
24449674
3073057
7805322
26259899
18074810
45319957
11339668
24531829
53217214
14384590
19524573
36794200
447434
24718791
36515474
27560404
45268347
11985722
73251660
13094910
1147404
44252420
58435345
657696
71392268
3639914
6038451
33629559
42579984
38657875
36827165
8888654
54580199
2670277
65138965
43548203
54384719
68571298
54939646
7196128
25097000
15041583
29572568
24248103
33316036
16822549
12021966
3510294
50414213
2889263
10784679
18654765
12887906
43272587
68443836
5277523
11290236
56539707
15730909
37758470
2542390
61095775
28290532
34660352
27788788
11123636
14453695
54863242
30619525
8641701
682283
18676860
58088678
20361132
22061251
34830568
9411973
6794419
7024175
17076205
18724674
26399262
15577751
5579793
44941525
33936718
52086336
1202833
42492508
13938227
32872081
17554473
9673714
49209367
11676038
73600738
31556164
9033514
8909664
53818800
8555380
13871813
16688342
71498455
19786975
33646713
10544886
31920812
459422
7368763
293317
24357130
25241
43586765
