141
100
56
36
1
41
16
18
18
45
39
5
8
42
7
38
34
28
31
75
40
25
20
68
1
71
37
15
68
3
12
32
26
40
13
29
37
45
15
29
72
8
42
3
17
17
36
8
61
55
47
29
55
37
14
11
55
34
21
42
3
8
63
65
64
23
12
59
26
2
41
1
11
25
28
28
28
38
31
65
11
32
28
9
55
21
15
55
7
15
62
70
75
11
58
7
14
45
30
6
44
26
72
21
24
13
18
37
41
38
59
27
23
6
17
72
14
23
69
57
10
45
45
34
2
9
59
15
4
25
4
45
32
58
61
48
8
49
37
60
40
9
25
