146
1000
452
413
346
282
268
706
563
306
373
236
1
552
611
51
582
107
53
14
121
302
176
363
139
375
726
325
653
283
118
364
517
210
140
24
466
153
42
568
141
38
79
255
63
42
398
667
294
204
687
238
654
252
560
636
309
299
250
379
85
486
62
292
48
107
8
59
734
717
514
340
307
26
463
87
196
676
223
18
206
178
440
430
610
326
28
17
15
138
614
371
215
235
558
286
208
300
675
205
402
748
296
13
80
106
696
737
100
57
91
163
683
398
82
623
476
225
350
477
13
390
278
253
318
340
103
69
386
149
347
276
448
21
177
280
422
44
195
304
747
582
515
221
328
480
128
454
