159
1000000
402047
172529
375180
444107
334219
257643
269999
379567
37878
302106
318393
276919
526729
80668
699773
19245
333128
75703
153905
617888
2545
277866
152892
73280
300227
233960
44195
330063
456984
251956
718329
76800
373128
387172
515186
356907
374743
184476
133751
589302
473264
362838
8699
104369
250895
278159
193615
291680
241269
546221
595536
537502
147199
222064
402783
88793
618666
225864
117580
152638
66333
381334
63626
466017
35569
346219
27830
302315
130504
292798
89597
340002
353486
254687
221845
405096
473271
681607
390860
99977
83961
139035
175388
91486
63013
285068
335378
482
110707
455862
345906
285440
734074
416299
43487
76964
356756
360798
647192
289264
245607
213193
409944
63419
2905
116146
269036
28682
12519
120268
373222
88051
413561
505775
426843
686405
156120
25688
330182
490193
379542
589574
351610
26262
643244
44559
80165
30356
136166
209971
454664
35437
127839
453779
120526
111978
287891
133855
406771
597953
271663
625099
43645
326562
404464
359354
46769
477605
389152
359859
111322
509807
450677
680684
171433
82446
277808
198800
522395
