161
100000
3524
41095
74943
24718
16350
18372
28563
56636
65272
19544
40902
17168
14864
17416
55124
73189
269
23834
3731
25741
14434
26393
71957
15216
62708
4119
18006
23011
60356
1736
13692
9323
38706
8855
15598
25581
10387
51589
2850
5248
4637
52494
45424
59075
57933
15784
30508
2809
32672
17351
22798
48104
36859
46724
24791
55410
7959
13546
29496
9487
59395
4059
74419
20062
19907
24474
2070
47186
30
67670
34078
6633
40254
11624
425
3485
15158
34656
11729
22939
33173
28043
37003
30127
11477
15278
31673
33543
64166
64075
12208
33351
48466
27704
11075
27324
69985
6985
16740
37266
70441
21614
41192
9867
26424
7365
37998
5618
25405
387
35863
6141
31798
31140
7768
36518
38901
2233
11461
12472
66679
9899
23167
7193
72359
3953
675
39088
31522
1986
59780
68860
14926
26
62716
63482
18498
43151
17405
63747
10810
46106
47566
21903
1515
4494
35925
25141
55946
2334
7289
11148
30919
2691
22317
31301
7018
48958
44128
6183
51794
