148
100
5
51
66
32
12
10
53
39
2
39
64
17
7
50
8
6
23
3
22
26
45
47
30
27
47
56
27
38
55
36
13
61
17
39
70
12
25
2
15
36
61
37
29
42
12
52
9
30
51
54
55
6
61
1
14
2
10
35
26
29
32
39
21
6
12
5
32
63
1
13
44
37
6
1
46
32
52
24
61
24
26
12
38
6
26
67
63
46
19
61
20
51
2
11
23
4
36
8
9
32
8
31
27
38
52
21
33
36
33
25
30
63
44
74
19
61
37
22
10
1
24
12
4
23
27
33
30
56
16
9
4
39
5
73
33
41
14
46
30
18
35
37
45
54
69
24
42
32
