152
10000
1380
4922
1470
5779
3433
5243
6091
3510
456
1619
439
1138
1671
167
302
4735
78
3303
2044
3558
6778
1468
2043
2162
635
2622
2436
2889
3156
2605
608
1536
3753
4048
4757
3048
7429
784
1551
1953
2087
6037
4382
1342
3404
2902
3427
3084
2760
846
6
2484
2414
5604
917
987
1638
410
4356
87
1878
4367
2259
3329
1178
1264
850
1841
6647
2554
2723
5078
3368
5198
931
6451
6843
1279
5795
3135
847
4909
4255
2176
1382
609
5340
1373
2042
5634
1240
648
4396
2887
3376
1877
113
6624
3287
914
3030
1245
2925
742
4969
7352
2322
6623
1179
1558
329
2613
3170
1449
197
4670
5629
2419
1526
1470
3714
1992
4956
2444
3167
4366
6510
7043
7098
226
4205
2813
5003
468
3902
1455
4010
3274
3256
1714
7187
61
88
6215
4771
6938
234
4282
517
6128
5642
3234
