165
100000000
58466885
1803092
12847095
18365693
36292508
31558591
56865386
40462639
20447706
32427998
51793572
7025359
61640418
64785518
27162196
31711646
56731227
29636349
33146260
9256270
6105029
13523239
68534542
31996484
28976342
4735646
12432846
855854
62849085
9287074
54287899
14589235
18216001
2008806
735494
10039962
10934116
4561684
57252979
11772553
2930298
11997277
49593362
7339636
19630375
26712748
10697041
59725819
6447822
35349002
8182920
36169938
30744866
62197814
11372366
57725571
45712101
22867946
6368882
52145334
69646941
4439036
20886864
25501117
6324806
4562478
36466000
21134604
8048424
2786484
35668532
30503230
2372512
7328691
72325890
5234478
805965
11606922
8556456
30683802
1890440
27828835
38602817
15859145
16985942
1209159
6003178
30561019
9510472
6276982
68288354
30335716
32589518
71318118
42784022
69255134
18961633
21380578
10798360
33345926
17493354
35421360
28681882
14493914
57391548
11759045
14901098
19958
29911117
8354402
20358342
38228349
26464951
47765568
16125698
50792609
39023531
2709910
14461917
20125138
74498883
13699610
11826189
4776956
11533382
16798838
31613611
70088883
3668494
58859547
44963772
26270417
8827495
13052717
22510418
47201012
5390871
64086669
21378556
12765110
22836140
15491636
13158882
63534000
11284568
42274429
10166766
49800597
61327170
58930536
14021595
34280940
34601420
7028817
9402471
60976469
17491175
7648983
17516363
55985507
66861369
59640547
56685647
5816821
16241055
