155
1000000
110665
373088
426442
209767
92832
386310
179281
282337
639376
63772
230534
436487
625017
248930
147977
561709
273723
264429
629040
253514
37898
337888
573641
631226
200613
498909
225841
230112
285690
67938
220288
201426
128444
328389
144140
121633
189255
278027
709632
453044
73545
164979
311902
8221
149777
436876
143489
168742
362591
643610
223341
709647
360624
49284
362773
342197
175984
487777
265122
339651
570
158
644701
223709
180402
686804
96504
452436
61423
148923
139835
710561
476288
543076
15630
469900
585124
192224
115246
287542
279345
113399
88865
131958
313196
203500
262496
596380
54495
534914
76118
104345
123578
372105
322605
241062
98051
12341
508817
186820
58642
399181
263954
590662
218221
38434
15716
251983
233736
165656
203512
45159
144890
56637
717827
356161
37095
274456
438291
512223
356390
563513
28571
511416
301152
343456
11616
261970
477673
457786
84069
371028
464928
139334
600819
410178
86141
569375
457019
60241
480219
97970
48091
169672
196342
219959
637409
149239
120332
187270
289123
499473
569983
532381
488584
