163
10000000
2804319
5107204
3778999
6517777
1056805
4226921
808902
1204035
474503
2792990
360619
6429389
2455690
2980220
1377046
401762
3643201
1405072
6485600
623866
2569419
2460120
6399297
1711476
6067144
2351809
4376172
1940203
1902095
1706902
1337128
5039956
2345215
306494
1200636
6965178
2256914
912337
5827623
2930199
1346245
53021
947130
7233988
932684
6322723
1084468
3992
620483
1578360
2402350
7258502
4717280
1864228
1765499
1289565
6481437
5337763
735610
1670881
161193
4155570
7069801
3978310
1786106
989120
2600223
4623202
378088
2123535
3225140
4089542
4193377
7084272
5872274
1492755
2733124
2164384
6311719
2858715
1670427
126767
2957103
5497916
3427614
2022613
2486570
7399777
887808
4082084
1323407
5471130
1085070
2658522
306038
2766012
4179500
3098328
2306677
4428110
1677371
398782
2365238
592528
241832
3677277
3171829
912496
2631777
1046896
541982
3926075
5974972
3397189
2033354
2399456
6233677
6669186
171171
692195
4025028
2418673
4828084
1442401
1529797
1131073
4765434
304707
3185908
4445164
586060
687478
3873078
733699
1264962
3936342
5254084
557297
955392
147099
5317334
3269348
2139409
3950596
6221001
2007993
1467928
6100646
2876936
398047
4276116
2739922
1711292
2159672
145670
386121
1273777
112029
1857415
4502084
2076862
3482223
1441167
