147
10000
146
1659
3665
5444
4174
32
5983
56
2004
3959
604
1750
1423
1979
2316
1930
226
1913
474
1717
5611
2282
732
5422
6718
2076
498
5653
985
4946
320
2741
1047
6362
3931
5349
3568
1462
2833
2302
1864
1545
4017
4699
4316
3569
6935
2474
7372
1113
7162
2628
3376
350
877
1594
3660
2385
4620
4555
1068
4637
3085
4556
3866
2415
2420
5468
537
1664
1985
6953
1383
1255
5787
4213
1824
7477
1397
275
1053
4275
3952
1269
2235
6865
5484
5234
2838
1703
5221
6431
1461
6697
5121
1665
361
7387
5725
4807
601
67
1
749
1768
4322
1097
2210
532
4707
2579
404
489
5054
7191
129
1947
5445
1849
4147
5445
5
1957
1903
5278
5363
788
2102
6048
271
764
7315
7353
1710
5868
7094
437
258
3135
2392
2104
6340
3648
5744
1353
2518
67
