156
10000000
3002242
5482505
7058490
2445019
838431
3603592
5303803
917651
2388276
3183652
7062810
6997758
6958343
3519290
2598365
1798109
429343
6730852
7065329
358025
754980
2388113
3143951
2127962
1330521
3515206
4962160
2934671
917261
2705121
786080
591415
1366887
4191253
4598299
3468664
3443127
6856049
5868793
349333
3107703
4414284
2138815
4830615
4596657
1107550
1028583
5694542
207602
4031343
4306063
644056
3465486
1813696
90859
6049686
3691111
4388557
213146
5403343
2132629
2304053
6246270
227089
46217
1334360
5383897
1168428
6127530
557989
3246460
66853
2578912
2644423
2810773
404955
6254303
871124
3805738
7327005
658514
621752
2761862
2789599
2472658
4647188
5459178
3245231
2113730
1114138
353830
5524985
751826
5728789
5968689
2137216
3066617
1151351
282029
117265
4895536
979859
5693937
1270740
1050800
1388336
1643636
2280288
452385
4266033
3565486
2896604
4149358
2080105
4650456
3701281
6788692
919790
802695
5009690
3950314
2667085
3689112
3169859
976298
7145859
39737
2420783
2893910
2465393
3738294
1714081
1246920
2625095
1980847
4990310
754305
1585455
2310971
62946
1825558
1852356
1848499
3720675
2948218
4819827
329083
4931066
2817741
3024403
436755
2427092
1346168
5577
3104882
3877936
