159
1000
325
315
85
662
58
480
227
384
138
323
129
112
746
164
93
496
288
448
466
404
73
129
242
143
80
163
479
38
254
486
461
277
169
235
62
367
354
125
506
496
136
583
360
636
100
62
191
288
234
509
23
516
177
16
680
699
539
278
484
366
98
578
161
141
294
570
139
260
250
326
420
230
366
63
375
171
346
370
137
116
31
129
168
295
46
318
495
682
618
39
421
477
383
480
681
337
415
22
11
333
57
13
462
528
310
31
140
406
408
93
2
379
489
357
197
90
743
513
264
185
429
43
246
118
142
253
193
226
713
1
51
36
363
163
680
231
104
190
674
82
350
203
447
200
3
401
472
161
64
652
284
52
256
265
10
257
83
73
11
