136
100000
68607
60227
33300
38419
40588
47742
50801
27172
27768
63377
60107
7410
36112
73121
28471
58830
17309
25430
15237
30905
23309
14246
20674
19979
50570
33536
31089
1696
20475
14876
74570
18015
32357
29224
32935
41262
2069
1910
55153
22
66190
28263
66700
65349
37094
13472
53155
38683
58738
57323
4992
8684
18345
31485
32964
60456
12212
11415
38767
1164
35559
41513
134
19268
25855
44586
20786
23507
13221
2213
39544
33624
34651
49123
61317
34101
66496
40044
54862
23672
18215
55414
1184
35839
7942
36389
52157
49430
52154
12104
20338
8099
8964
62619
27886
74145
29475
54004
21902
23918
38487
37807
5191
61233
10902
5318
43989
1243
9061
20024
34407
13048
57867
68592
40582
40678
53580
14350
23306
26879
25721
34151
44536
8613
29690
70391
3230
32751
34101
15135
67249
47843
13524
60223
1406
54287
