152
1000
193
407
422
30
131
84
3
6
261
202
119
403
194
77
657
671
1
46
268
196
6
254
264
329
423
14
333
213
626
492
268
316
688
70
241
135
38
333
433
80
345
30
489
63
18
627
34
259
376
105
649
545
230
168
110
669
268
285
667
377
313
76
166
98
149
455
343
639
675
470
127
715
307
514
281
359
187
741
715
268
286
83
566
463
346
16
424
321
104
403
67
606
198
1
160
201
159
370
537
239
404
551
488
578
562
567
91
142
144
11
229
246
655
216
202
276
512
33
88
425
75
278
116
208
296
362
1
345
604
246
81
554
503
16
335
732
434
79
152
681
667
60
342
255
64
221
560
112
371
181
73
187
