160
100
12
66
28
21
31
24
22
4
10
17
10
42
42
33
8
27
2
4
13
18
37
49
7
25
10
32
69
53
58
7
20
22
54
63
17
12
34
2
18
41
15
21
43
52
44
2
20
18
30
27
12
20
28
14
30
9
31
1
65
46
2
27
4
10
19
46
42
26
44
13
48
8
8
36
11
32
49
10
26
2
48
42
3
10
4
22
2
7
25
20
3
17
58
49
55
54
2
45
9
1
61
61
15
12
66
11
41
41
59
34
37
3
12
73
51
15
17
8
16
17
54
24
18
56
47
61
13
18
17
21
30
39
7
14
28
42
52
45
42
1
28
53
15
65
18
57
24
22
52
12
11
28
22
32
64
30
21
30
71
35
