153
100
4
2
35
69
67
15
10
16
32
22
38
5
38
40
42
3
20
11
11
50
1
46
48
4
1
6
51
16
40
25
8
8
1
6
13
6
54
22
56
32
62
11
6
19
11
27
39
32
50
34
23
47
18
15
45
32
12
62
2
50
9
45
9
62
1
38
5
12
18
7
41
15
35
60
66
13
67
18
34
14
18
69
63
1
30
4
15
44
4
5
30
27
7
45
55
16
67
26
46
66
68
7
40
24
19
15
66
32
25
30
58
24
28
36
26
33
14
28
21
2
57
17
56
39
17
39
29
59
34
54
33
25
39
17
6
45
12
7
1
24
58
73
27
67
58
30
19
35
40
19
42
37
11
