148
100000
17630
6980
324
3079
49084
3059
45286
44102
14484
36610
71816
48081
26950
46533
27222
59972
3088
36486
9424
29922
17634
204
20537
47108
62425
788
26966
41934
27020
24677
63927
315
63514
62777
40405
56614
41209
35076
34426
16183
16670
5559
24421
34439
37003
438
49464
3598
30670
12233
29738
23896
20682
23135
18526
30410
38672
32
325
9012
24439
27436
15744
38734
53142
39374
16260
47751
11924
41093
9507
11037
46817
21633
37558
1493
72863
35749
7925
21903
21021
45005
63903
8352
29732
51401
44062
55938
34487
65561
9736
30601
31567
31459
14103
8638
61266
14054
65973
27261
63075
17363
34023
15682
12546
9067
1194
33614
68153
3532
34027
45154
58907
7075
33264
61687
40698
46173
3690
70153
27459
23358
17260
5746
22328
16825
29471
35905
55479
38313
27072
13558
5383
45363
6732
5638
926
65574
34970
39563
61444
42819
17816
57278
29489
33513
69590
42755
