152
1000
489
622
362
121
75
288
107
237
310
232
330
235
35
424
139
58
104
75
516
81
62
450
172
172
614
191
632
521
311
601
362
241
449
328
518
136
149
543
47
14
581
562
185
259
304
694
144
231
129
157
556
6
503
447
652
227
98
165
582
39
631
526
682
315
495
234
97
258
143
556
313
56
110
46
436
488
412
64
287
34
227
132
563
689
438
381
313
148
374
163
349
328
453
42
141
194
306
502
112
189
348
124
157
156
416
121
418
371
386
1
20
416
345
145
737
461
81
603
28
106
503
236
429
680
301
482
419
312
587
135
26
290
179
27
240
179
566
253
89
638
340
23
158
64
211
10
247
710
497
16
375
237
