137
100000000
67570626
37818892
22933864
59683207
21137868
51584023
17253362
11143670
9495510
36976328
3447132
3869247
48598341
4574335
44061868
41676
5156388
25762058
55934915
61650843
15984710
8704562
43597341
38014460
34523543
14954618
33851140
9114475
70945405
60718255
48870471
23166635
963508
2525036
21844632
28168589
51339212
40196576
61584415
15972876
26105539
66148860
54095128
48415977
73225276
34096489
17713826
44065085
27322477
68800375
19330104
47562192
2094418
30843804
27180574
2730692
42935306
22847255
63454874
25921261
68116249
27748536
40992842
37181887
38086015
49595024
55938132
57064694
39713044
17277717
54500434
22212503
5425848
12321694
34204249
39281745
4851808
16659988
55830579
62296047
41785569
28982474
63270715
29463298
57080275
19753090
31584693
41762728
26011243
72819426
50404976
6647038
6220304
25438722
19336411
263142
18177089
39637421
10505546
25512582
27288876
45904872
30895741
12052327
5838692
8352370
65892182
27274078
3043352
4562221
15039767
41533142
5063447
28045586
34107818
10136687
55019726
50460587
69156196
51590234
2297500
29789333
68415307
9658367
33152666
20395539
58839916
27239671
18978188
48850412
20556939
41854493
3138261
70428422
61985540
72679827
7901817
