145
100000000
32838544
31971442
21550455
37543720
12248820
3316635
27026536
23357690
62009642
61380214
31309240
11826091
68433262
10498530
43378982
13451796
55539881
70953380
56156384
40810093
37645217
54268889
20474421
49077792
42074252
26640295
14394528
60349156
35956411
24180656
12597789
39650844
60846011
11092222
13890382
38619786
38784357
37990358
73299498
50145153
73416413
55080460
24236554
2209725
68394360
23159755
70497234
45305992
17000052
8769372
51407902
1669257
16939013
26063831
50999902
12734337
28674158
52819267
18892005
7644595
18758973
54694008
62725725
39017756
31254920
12280309
26667022
37490995
4198023
4926443
54795286
5598867
56237106
9223773
66965073
60800810
25263607
26700502
15986117
24067
46411571
6026295
2338443
3888319
6808259
41285132
9644574
64375069
1484598
15594824
36265761
29478699
21402427
41939631
20814913
4503959
3170912
53419618
3663986
67276759
47180733
70363597
962245
1434075
23505082
22688930
32639231
3150613
54210909
11103177
27615800
7695249
16656357
73951785
73332978
13845909
17674267
1778407
46580382
18978307
16736358
20338534
19140883
48793182
23708236
62509005
12882142
36703675
4008250
60149377
57004473
33846524
14570673
42855852
4585280
5218440
53973236
1063485
35001167
60293082
5566054
21114836
23671923
51393298
12627333
