148
1000
439
197
32
366
59
70
250
147
27
194
147
369
523
659
561
119
538
45
354
376
701
481
580
388
207
491
575
186
134
265
655
62
35
47
546
469
213
359
654
516
399
229
77
66
13
19
295
623
303
201
115
50
175
11
685
705
624
80
212
350
372
101
11
17
91
46
544
319
386
157
420
156
485
87
188
438
517
303
253
1
259
404
442
549
467
341
685
337
19
74
467
243
583
127
128
189
564
299
356
426
364
427
277
403
375
334
43
37
662
601
75
278
612
290
300
15
107
85
98
200
401
338
285
233
281
156
740
52
295
22
351
56
161
681
395
95
400
319
708
595
35
483
292
427
417
505
307
268
