150
1000
537
38
306
125
550
271
132
102
732
275
100
441
647
72
59
622
167
589
136
293
240
154
387
160
80
147
247
672
326
636
338
411
545
60
568
509
24
278
213
90
167
342
341
149
1
206
410
480
580
27
59
317
309
530
348
705
383
161
323
11
478
236
555
16
108
306
128
192
254
122
393
242
308
488
173
114
181
242
307
418
673
62
613
435
29
270
149
615
407
368
105
460
132
313
413
29
740
659
298
628
176
60
471
388
67
244
450
325
130
384
72
353
291
101
182
391
561
129
471
69
24
378
464
119
215
513
129
522
23
228
627
175
175
691
264
231
251
294
536
404
5
112
80
449
702
216
529
436
55
51
