145
10000000
375000
1162693
1184760
4690227
5315050
1134687
7467388
4285
6195145
111289
1527227
4972719
2877619
2836930
1642282
5022923
4178433
3829203
3498772
3517352
3887019
1369616
3403874
2592969
2678050
3515323
1207495
174196
3873914
1193914
7163070
516736
4953527
4676260
1008061
4951207
1352897
2532612
1406784
2619845
337011
3610948
3158970
2917866
1303708
3493506
178772
5785243
1137544
3752025
3191293
3096931
649959
4516940
1510593
7175022
6484677
7155891
5347961
317869
4429059
3229972
3227076
2279623
511496
1661688
4920982
1929278
820009
614222
78463
2759648
3486822
1825562
7208239
2020820
5010856
3608216
2844109
1118242
1193015
2681503
7141313
1702286
4214757
7464712
2711203
4414783
3868268
5656570
2878610
6126228
3516688
452236
4989144
2295521
1233551
2824978
1479204
5586333
186557
1422145
1045194
2691554
134418
1187567
6808707
2170536
5627388
2664837
6784090
584464
3215910
1400927
5169851
5520632
5776373
5481009
7380155
6493287
1496344
673913
1673927
6596126
3908926
3634657
2722885
297569
1540511
3928231
621314
1697577
6112981
317827
4206420
4343430
2515639
1401851
4787366
2130318
730121
2791436
4803427
7308446
253790
