149
1000
358
145
236
18
352
636
427
330
393
680
470
67
131
113
22
33
136
177
235
44
87
321
170
320
227
487
30
587
107
246
43
109
24
117
130
339
489
68
239
714
356
500
262
345
62
380
689
432
193
108
573
124
1
68
332
541
624
294
113
387
69
111
393
206
544
121
497
524
153
322
24
516
122
183
680
243
565
8
408
9
738
256
7
344
168
537
289
465
263
255
388
639
244
129
503
34
191
724
177
268
140
732
493
96
459
708
140
162
482
597
98
376
595
567
183
516
372
532
292
738
441
606
390
154
88
562
664
334
121
175
65
277
69
592
241
279
155
586
143
79
37
172
569
296
135
19
174
430
311
