140
100
65
17
5
17
41
65
44
21
39
30
45
75
19
14
1
11
39
37
20
10
2
46
5
2
62
60
42
5
22
42
28
26
58
73
2
52
1
10
32
29
25
14
52
58
29
47
14
17
4
39
31
15
62
35
11
64
70
8
32
67
67
5
28
24
48
42
17
54
56
15
47
20
38
50
5
42
17
10
28
54
4
28
35
13
16
72
40
24
2
47
12
41
33
44
20
16
13
55
22
27
38
61
39
33
33
30
20
44
15
46
28
21
22
2
10
21
56
14
45
63
54
17
12
10
25
36
67
68
58
21
72
45
13
36
12
26
42
48
33
25
