146
100
20
58
11
3
19
23
12
2
8
18
17
18
31
30
44
47
30
2
8
26
70
20
36
21
43
55
36
26
14
28
23
53
57
41
20
35
54
21
17
38
55
33
59
67
27
4
68
46
74
25
70
23
16
49
45
7
26
37
9
7
2
26
36
63
16
47
62
49
59
18
12
50
6
52
59
7
36
18
43
1
49
52
19
37
42
34
53
4
25
33
13
37
20
24
5
16
48
29
18
68
43
17
8
12
65
31
8
8
42
6
57
12
25
13
74
3
1
1
75
62
45
45
21
64
9
9
28
3
2
12
4
11
54
49
41
35
49
58
44
13
13
55
11
45
32
15
