147
100000
31350
66474
31417
13647
53981
56724
304
21415
19828
26299
55074
28798
34390
41173
28178
733
509
14982
20646
25910
1475
23771
22528
3082
6261
52053
4117
31862
34261
30665
14397
7868
47447
42229
17184
24593
45093
42121
30440
24601
11281
46322
22889
7920
26876
40890
2867
33034
29321
33856
5101
74947
49976
27210
64515
71773
22373
10718
65309
23842
33402
29
64793
64490
35405
832
45840
4809
39921
68650
3153
18838
23565
69597
40809
27482
45299
57879
35868
28812
2218
6773
35207
8882
13639
59371
35540
34274
5626
34182
35510
8102
72574
26078
67620
34059
13096
31992
68583
21259
34664
2825
25109
59901
40503
74891
43276
1850
9407
28948
33983
19457
17552
5235
4270
11914
5506
57911
28227
40099
24905
46472
26113
42677
20513
42787
19496
17679
3872
73887
61464
10873
1560
43570
36928
33444
31915
71822
11024
47053
28291
34691
53484
14104
14741
48822
19327
