161
10000
353
4110
7495
2471
1635
1838
2855
5662
6528
1955
4091
1717
1487
1742
5513
7319
27
2383
374
2573
1444
2640
7196
1522
6271
411
1801
2302
6036
172
1370
931
3871
884
1560
2558
1037
5159
285
525
462
5250
4543
5908
5794
1577
3051
281
3268
1736
2280
4811
3686
4672
2479
5541
794
1355
2949
949
5940
406
7442
2007
1991
2448
207
4718
2
6767
3408
664
4026
1161
42
349
1516
3466
1172
2294
3318
2804
3701
3013
1146
1528
3165
3355
6417
6408
1219
3336
4845
2771
1108
2731
6999
697
1674
3727
7045
2162
4118
987
2643
735
3800
562
2541
39
3587
615
3180
3114
776
3651
3891
224
1147
1244
6668
989
2317
720
7236
393
68
3909
3151
199
5978
6886
1493
3
6272
6349
1850
4316
1741
6375
1080
4611
4757
2191
152
450
3592
2515
5594
234
729
1114
3092
270
2231
3131
702
4895
4413
616
5180
