163
1000
281
511
377
652
106
423
81
119
48
278
37
643
244
299
135
41
365
141
649
63
257
247
640
172
607
236
438
195
191
171
132
504
233
30
121
697
226
92
583
293
134
4
95
724
92
633
109
1
61
156
241
726
470
185
177
129
649
534
73
168
17
416
707
398
178
98
260
463
38
211
323
409
420
709
588
150
273
216
632
286
168
11
295
549
341
203
249
740
89
409
131
546
104
266
31
276
416
310
231
443
167
39
237
60
25
367
318
92
264
105
55
393
597
340
204
240
624
667
18
67
403
242
483
143
153
111
477
31
318
445
59
69
388
74
127
394
526
56
96
15
532
327
214
396
623
201
147
611
286
36
428
274
172
216
15
38
128
12
186
451
206
348
145
