147
100000
46492
17797
12974
71289
2295
53094
44766
47811
30619
26175
26150
36041
67100
71391
27127
71771
2896
32900
53508
25301
37390
52552
53712
23946
70666
30906
41654
1545
8186
65167
36058
25966
4280
46921
5595
43311
14833
6647
72746
188
960
36731
64196
34615
8301
22335
73825
53338
73759
36135
16437
20987
27200
27002
65647
55288
90
10058
12665
54
44519
47189
2754
28946
62940
57241
38091
785
42759
67402
37224
35035
27762
26989
28871
1420
40414
35804
66812
15204
35520
46906
18010
28170
2400
24258
20482
20668
1240
29331
10927
937
11805
21080
10225
10955
65385
787
23907
64876
16601
8575
3370
16084
26975
16556
72688
11412
340
21615
18437
29334
15545
19843
18598
21695
53583
36137
4284
47621
7098
51505
15429
592
31913
21010
48708
32968
71054
21634
17087
73693
35733
20473
20017
38127
71301
21226
13831
58252
27661
18492
12172
35907
24854
6199
38352
