142
100000000
46602977
42782946
14971028
25146803
22179285
34965491
19903257
20759417
20874129
4152846
12623923
12818815
63489255
38350205
53480188
19738926
13105107
37658079
66409053
66912949
31217738
61748090
59337775
43592629
24176240
26627624
36587140
1844824
32025648
33087051
38159388
64849622
3046719
41741716
23596994
22979098
29784455
3004512
15330283
38452264
27588
55167153
16267815
35383754
5005327
14238411
9996831
1540169
23285708
16169600
42261710
72377913
15832273
40801579
28362717
44352637
67998127
26804937
28303154
51642085
69792459
14132328
45191413
9289801
20740937
2648560
71696846
40868982
28605157
25691197
25150327
32142420
27136107
10528200
30007726
74408724
1894093
25591276
4931085
13670704
34004472
16862920
62341921
210901
16731814
4908066
64973776
38508761
36510745
1713347
17659352
16954338
55064343
20873812
24165527
19929172
4101072
27593752
10573594
57217054
9756099
7077295
27584717
67646679
6087981
2427437
46866690
38180517
60571140
56407371
53443204
11390595
47731292
27983521
71206483
62171533
57085000
13154879
12596351
61819483
55132851
49343385
39266020
37328750
54531923
44832847
41514485
27913445
44867149
1745404
33590947
48357915
57738290
43406785
51142667
1101680
41346963
44688644
13489759
20787813
27114065
10618888
