161
100
10
29
9
6
12
12
68
46
63
47
38
4
2
12
8
19
19
12
4
68
14
17
23
62
29
73
8
24
38
1
46
5
4
15
21
18
28
43
42
6
7
67
40
19
46
26
39
17
53
28
36
57
20
16
14
47
2
27
51
17
47
13
36
5
29
50
65
24
36
28
2
20
64
33
3
16
36
2
6
56
44
65
50
46
48
7
38
6
27
47
1
49
27
23
52
39
58
26
5
8
18
20
63
27
7
10
25
27
21
42
29
27
16
11
12
50
48
6
39
35
33
56
30
1
6
37
21
35
35
7
75
1
12
38
56
29
53
31
19
69
7
25
10
20
4
13
14
5
71
74
6
25
16
1
9
11
10
8
19
35
69
