145
1000
329
320
215
375
122
34
271
234
621
614
314
119
685
105
434
135
556
710
562
405
377
543
205
489
421
267
144
604
358
242
126
396
609
111
139
386
388
379
733
502
735
551
243
23
684
229
704
454
171
88
515
14
168
261
510
128
286
528
188
77
188
546
628
391
313
123
266
374
42
48
548
56
563
93
670
609
252
267
159
1
465
61
24
37
69
413
97
644
13
155
362
295
213
420
209
44
32
535
37
673
472
704
10
15
234
227
326
32
543
112
275
77
167
740
734
139
177
18
465
190
166
204
191
488
236
626
129
368
41
602
569
338
144
428
44
53
540
10
349
603
56
210
237
514
126
