150
100000
18163
495
5825
36174
21962
3660
9831
638
54131
58284
65398
30305
19470
11164
4761
39129
28991
8079
14114
74545
58682
39462
19176
51345
50246
16844
6813
44260
6320
5796
25455
52774
9794
32376
46116
16376
74488
14240
20262
30234
42546
40413
58853
61623
49146
30008
7377
46211
911
39792
71974
15722
53789
28026
27454
8063
1924
48625
18125
16039
40025
21533
7539
1092
8925
12268
39642
27590
37455
4949
65376
7940
38864
45456
57294
37610
34602
70825
68320
69766
1682
10372
27298
46176
59330
18332
56537
3455
24290
31731
38640
4888
26731
26693
63826
9136
37346
58428
27612
213
11192
9917
6062
49754
49953
6748
40051
46396
62946
1007
4844
3
21480
47763
67624
26156
3983
25296
18155
45101
73194
60358
41098
21806
22125
1357
32780
69992
3736
20710
44297
54404
34933
21497
16897
2310
41572
61136
41318
27335
65688
8125
10367
26649
15026
900
3423
33804
28673
7473
