154
1000
403
20
185
392
650
296
678
344
317
113
592
133
720
325
500
252
34
672
1
294
202
339
402
394
599
157
282
157
663
190
71
106
73
419
7
207
140
205
170
154
505
284
303
606
164
650
370
151
495
78
215
363
124
183
268
82
221
283
412
43
535
510
1
459
119
690
404
36
46
2
40
164
306
611
18
137
667
504
166
29
40
500
115
196
549
10
29
581
377
722
113
386
113
666
375
232
15
496
556
205
50
107
158
618
572
202
11
334
557
614
736
360
594
371
166
214
55
568
245
395
184
493
201
61
109
25
59
28
345
674
350
350
346
53
442
126
123
166
220
75
280
196
453
78
270
53
404
408
442
342
320
546
375
98
