150
10000000
342624
4718973
2478823
2940145
5438586
2635305
1009661
2561739
1138932
3250680
5614481
1529710
734966
5279165
6906077
3853769
3429083
2396159
6732483
6360090
4024032
1473669
6987955
1912715
5242997
892946
3814651
1894964
1804296
4530351
240623
5794003
4590721
1132980
285011
2789983
4385519
1241109
2075429
1544015
2035901
1825567
62988
4807865
2863082
761437
724010
802582
1594805
3351462
3340687
6648538
549672
2982514
5830826
2249701
6113672
489043
4350247
4486171
1648530
1461928
742753
1272615
1226039
2290316
2063637
423246
812819
3674011
4203992
5823188
251295
4056620
1879065
1174680
57793
4880401
5409279
3366355
2032476
4833321
1888855
2626559
671932
3392172
1364829
5870
2811807
530322
6219489
5128916
1407505
1153342
4522018
4871084
4205997
6719390
4400776
4888038
1874296
5649753
327372
1575192
5378155
4058999
5477982
1205181
6429161
1680177
81458
2455277
231561
390525
1135697
1995301
1952032
5196584
4561414
3334369
153411
3530347
3639910
2014413
4578569
3519672
7433104
1839746
6185349
5773640
778040
3437887
5311351
2435169
3636969
7364695
3680131
3219948
1978926
835187
4981585
4636796
320447
3532476
4181745
2596227
4668386
2939222
862039
2670677
