147
100000000
24724562
2800311
46148864
15846745
20936919
61014728
20130630
22921752
35819929
19635729
30244050
31195118
55543295
22670607
4585935
25114219
29476269
5617412
39551849
50062907
11892666
39465989
13265791
6968279
3333013
69200647
12606435
30608820
4138371
68446252
24436636
34119134
17211394
45710410
1349645
773471
4465649
34831890
71422002
9371285
51655
58356279
53148056
3111135
66345893
32699902
27729933
5507062
5381016
44456705
37526399
29726829
30554293
49392788
44558646
28862316
33912910
37807167
71132622
8117482
33654107
71724086
1461438
58350009
33478297
55407432
36995127
27139822
19803816
18973114
25022594
63731497
52857924
24056704
71377045
59081795
43789140
30799353
19797367
28739882
7189759
40865152
17687
66263767
14385147
27383520
54159998
20609464
13061982
7461443
74885781
994131
536222
28275914
70564515
43149402
2368952
61837940
65342445
40065000
19733086
68912999
63104816
36743897
72860178
3970221
2411479
73717822
4666826
33865534
43804988
28587328
11235227
28345227
8987226
34809313
65880866
30887487
68154779
42309208
28867378
34304729
13254633
10101567
46021277
26282178
22675689
28791557
3029650
31553748
10494468
20601652
29726828
34657555
14576611
32526961
31564706
10931646
21206239
5698255
29986559
3175930
38985272
8411312
12281776
14001387
41604463
