145
1000000
328386
319715
215504
375436
122487
33167
270266
233577
620097
613803
313093
118261
684333
104986
433790
134518
555399
709534
561564
408097
376453
542689
204745
490776
420743
266403
143946
603492
359563
241807
125978
396508
608461
110923
138904
386197
387844
379903
732995
501452
734165
550805
242366
22098
683944
231596
704972
453060
170001
87694
514080
16691
169389
260639
510000
127344
286741
528192
188919
76446
187590
546940
627258
390178
312550
122804
266670
374909
41981
49264
547953
55989
562372
92238
669651
608009
252635
267005
159860
241
464116
60263
23385
38882
68083
412852
96446
643751
14845
155948
362656
294787
214023
419397
208150
45038
31710
534197
36640
672768
471808
703636
9623
14341
235050
226890
326391
31507
542110
111032
276157
76953
166564
739518
733330
138460
176743
17785
465803
189784
167362
203386
191408
487932
237081
625091
128822
367037
40083
601494
570044
338464
145706
428557
45851
52185
539733
10634
350010
602931
55661
211147
236720
513933
126272
