156
10000000
355643
1373172
444841
1986269
5240271
1121144
1354757
721041
6732091
4557949
1393884
3120798
6888529
5543457
3714521
5030483
1193938
1468592
4818178
6231192
2460786
538456
3409479
5886862
862352
3821511
3065323
487896
2558083
6285479
534035
6355155
5828918
1258738
2056800
3768808
505017
2318768
1520612
2315527
1204084
1794905
5897297
2783333
3239744
4289387
3515214
7047817
4523557
4002110
1658855
109394
897046
1362064
5593076
761074
2750515
4298546
2846655
989677
4276169
4385257
2632730
1971235
4724578
158770
1756714
4303005
3646012
3867673
5456832
2039557
392836
1481617
1081839
3343913
4406924
3712146
1270391
51576
1355238
669878
174618
5696995
3448714
3639710
3580857
3940263
3176537
2275520
827956
3046116
362985
2959698
5401
1067159
1257371
2874063
5476443
4505085
2947919
2832468
3507333
2149137
548980
636656
3881397
1123870
307091
3741455
1374092
857022
7280090
5181065
5649878
2782275
6590521
1663287
2200522
1315797
1583470
857084
916648
1965822
3772723
4441820
3155648
1467221
6321930
1028740
5558180
2069725
63988
245241
2605698
410679
162856
2185720
2934848
2174941
5525702
3480517
4853591
3404467
2116434
4423236
6451283
6227277
6564360
1092566
218709
3142342
4297773
5494915
1092968
7125937
