156
1000000
720192
315707
171781
56668
379079
73285
193707
396120
131446
577182
147805
442152
624874
61530
217466
254650
189947
173893
658121
56113
386839
128603
655934
183090
541620
544170
391585
14615
277747
261627
315530
169605
428996
102911
46932
251095
38107
467102
325566
53802
667516
7863
43642
318795
671986
220026
13234
298366
285519
613904
33185
159635
3789
3306
164960
617220
117007
91300
493655
234958
152089
317824
137684
371983
575524
288710
173381
159397
182
430143
65123
336544
297310
18500
459647
686746
214666
666424
340052
672555
344295
372533
328695
340507
343788
444524
187860
664414
492318
121836
144355
76431
342744
124398
391440
471105
147807
54083
588827
58254
92372
455830
163616
102033
77421
492984
319441
108375
180398
683614
384175
121293
16951
580878
32434
127784
33605
578965
335255
462138
595463
72995
246256
446473
203616
261902
573990
383895
311592
257145
29890
664745
178983
265524
657256
160365
571004
69741
102520
44425
243391
107964
50394
139089
278256
546084
396722
256586
409304
414453
404086
365829
185185
162050
339663
361844
