141
100000
71804
22129
46155
10393
29405
17211
13202
5268
14814
28934
45119
61836
57791
23289
11836
54551
53045
9064
13856
26213
70323
18711
2496
40770
4860
72949
24782
18547
11
33503
42702
26077
15743
74651
58257
70694
2520
27826
43033
17326
23880
56967
53679
46320
8166
59296
6052
72174
34066
64078
64992
16528
64859
29415
44623
45068
35008
23871
47134
69355
55280
26187
2938
57522
4645
27431
67612
4482
50361
53968
20996
21995
50617
25256
29063
44720
5609
18904
36354
25349
3231
56799
44938
68592
73689
19178
2826
23451
15238
16468
67554
40704
24562
955
19818
65687
42031
70850
38535
46955
74269
4050
11040
1983
21282
12737
4307
27144
35783
17920
12313
34313
33248
40159
5460
17076
17098
1409
3934
17051
19244
33654
36283
31310
9332
43208
27707
13998
19210
705
592
64156
14738
6106
27737
29677
35844
40574
70595
27577
36600
