141
10000000
1220101
3355744
4406640
6644256
5473347
5815360
3973237
1222010
5211235
5931510
4659243
2265145
3278621
5687824
5819510
5401957
3869013
2524057
1320866
6224040
2159733
5833797
3672048
3880268
1607291
7368077
1006008
1585369
1299146
4695127
1310750
2620629
3244496
252416
5593360
2975194
3917983
451074
4960695
6327952
882587
3554848
7362184
4902096
1831592
1166069
2012418
667668
1818787
4184640
382428
6534977
1269884
1121543
1087221
496270
1100971
2945051
4598043
283245
488006
6082017
2243418
4209937
1375112
6675998
18374
3185903
3015354
1468
2060689
5476520
6827139
3436445
1978233
403762
7318677
5304873
2609806
4193997
3042097
5097492
3855812
1045437
2393858
2168669
283925
1100055
4526653
2163336
4166155
1955090
6340771
2681323
2917293
1913353
1352320
562426
1859697
341607
6254220
5806003
2691338
2185278
5657156
2631923
4390435
1399597
2730428
6197579
5539391
3857071
6119732
6508119
1890747
2261004
891607
195705
464857
1156292
5039305
1827637
3465023
5198501
1001001
2390910
1014750
2886491
5433121
7082707
1159198
4433429
3701444
498826
1443410
3933742
5685156
1217771
6485278
2013278
1319792
