148
100000
54654
18902
34212
23114
35413
26260
39463
5046
11983
9463
18024
61936
55549
24664
47194
26643
18957
24942
28672
15997
50706
65563
21473
35681
27584
22599
66019
33321
18067
63552
19750
10193
26472
33283
25938
17941
26578
7612
52666
44860
86
20636
74068
51141
27245
72755
61400
26127
14219
72356
63019
22
68355
7965
38815
60844
55929
25960
7711
11028
12867
54443
31962
13979
55029
40590
9328
10533
17628
12060
13471
37031
46520
56715
837
13203
34960
20786
33524
27787
15662
33759
8324
24084
36782
27024
55063
908
21961
30434
25044
12058
37318
21363
37228
65018
8957
16725
10850
55975
43306
43450
14807
15100
38971
31972
51573
51987
2285
30795
2218
62440
60317
48013
31599
13838
7696
44033
6771
35464
29137
888
11117
18550
61029
22270
51676
10048
74040
11660
65788
8850
61220
29399
24074
17451
3567
9386
73357
23471
10510
4743
20254
10379
15736
65341
16381
14626
