141
1000000
465020
154346
114213
197243
392501
449000
220746
334397
460731
68064
204247
645557
190531
640165
394770
312587
175203
97478
548914
66744
64938
551000
325290
169240
388453
19520
114402
102794
194
49424
581200
701232
282869
721160
385511
207166
525534
239227
15600
363319
623798
81466
736583
395179
687793
360080
129706
495712
165585
298976
221557
692631
545985
30441
435990
116982
255561
316393
497625
368591
42133
359445
318035
573176
238479
488799
480906
631409
105556
2901
203019
641809
156314
46057
396066
434495
437628
84577
496241
228075
573862
312563
53945
681965
359104
304246
587077
278840
28227
94743
477634
520244
466994
503759
361248
86374
412923
75043
489538
665603
548274
54570
43013
2011
419393
439072
301902
749572
677998
41306
15881
632960
39254
359835
242163
491677
359542
318120
295753
663611
330955
218027
248686
107775
87767
291488
68081
245035
539269
327172
312207
354443
120771
281819
21254
619938
205392
39133
158175
250428
380062
