148
10000
4388
1966
318
3656
586
692
2497
1465
268
1933
1462
3681
5229
6585
5612
1205
5373
446
3532
3768
7010
4801
5797
3894
2062
4902
5766
1854
1337
2666
6543
629
346
469
5457
4687
2144
3598
6534
5152
3991
2288
786
656
144
185
2945
6227
3044
2010
1144
491
1749
126
6844
7055
6232
793
2115
3518
3712
1002
101
178
920
457
5438
3198
3857
1579
4203
1553
4850
863
1878
4386
5167
3024
2524
5
2607
4039
4413
5485
4662
3415
6847
3380
185
746
4670
2428
5824
1276
1291
1890
5635
2990
3556
4287
3640
4269
2764
4025
3741
3336
430
369
6613
6009
760
2795
6136
2892
3013
143
1063
859
972
2010
4007
3387
2850
2341
2802
1552
7400
517
2946
213
3503
571
1607
6808
3950
944
4020
3192
7080
5966
358
4824
2920
4267
4176
5050
3064
2672
