139
1000000
86609
662615
435593
357573
134646
570368
699902
56743
52473
634853
335423
158439
618931
170742
315835
748321
295271
688447
679511
85029
344909
255285
426799
289360
204690
601913
77
305994
117002
323635
174555
495581
550321
408923
137156
739146
29247
579866
381895
61008
239711
138049
147598
419099
365147
548452
278161
200284
322275
532494
619761
148788
337385
96011
314768
721839
372976
157193
92281
492523
300098
665038
261504
128
235881
674765
502834
314857
50489
89131
323456
504419
130175
113256
243545
381069
218351
595220
375710
643126
30323
434691
68301
427235
75058
28347
315740
215410
57734
385221
157885
146658
186639
269667
472313
144499
467429
325050
9495
168227
311553
158630
664577
9652
308917
451548
618105
279743
149515
352307
62195
110572
360182
23651
218423
704729
736638
71756
642427
10533
723325
738303
251679
320489
154711
744715
240702
11694
238696
337079
375895
574328
132060
30634
263736
681431
614779
428190
123446
