148
1000000
253852
153907
179168
112996
660151
108132
182226
9084
121810
217828
42501
465084
340262
288167
634683
744763
332720
75348
439930
261993
490921
532594
339849
522205
302407
495724
123560
14410
705877
47752
614737
196729
467665
82577
365552
7613
385263
403879
161448
172510
132855
368722
54545
521961
495959
232803
392039
478039
132735
194797
310666
532620
53107
148277
333409
404639
633470
321343
365317
277663
391217
327780
440230
485223
116707
67131
690969
679283
182793
231145
113041
126973
129950
35878
304315
42603
599099
489427
331369
269238
164533
207676
72918
663132
476
274018
141783
7059
17257
417957
32179
198152
594321
324582
16367
161297
444325
730762
201938
431221
471443
305932
194020
66771
9223
679287
175039
746148
485785
607961
140216
262024
358881
112302
115610
181230
86636
688509
283907
528557
188244
287370
153024
30000
282668
324177
213963
121772
200591
39901
448009
579754
576679
289927
568779
247795
115947
712630
211337
668631
551991
609052
336868
185991
371541
338489
246014
208
