154
100000
1908
21558
525
66432
61526
43895
31359
44502
42587
33159
41096
815
10883
52290
19870
72398
8659
26906
56795
28490
17723
1754
26051
47302
29060
6050
40593
26572
18199
31847
57556
12195
43944
540
54340
46993
10712
36988
66805
46797
13552
33568
18254
61082
28482
4948
69336
1005
27602
5489
15360
13634
33751
12831
3395
21710
35623
46595
26548
39129
10284
38
12081
21909
20604
44553
39385
15404
16885
58551
38257
20843
74277
10963
38761
36907
49235
38918
21982
31616
21809
14399
3202
7283
65709
4175
1165
1412
8194
54993
2830
30771
8878
15947
26521
2851
60518
63714
10732
36666
73524
1575
43496
8683
26050
10587
31382
36128
26726
24190
53996
45462
22463
16318
69775
32846
11514
11602
28620
8407
38608
16704
42609
34874
27988
5735
36324
9322
71510
40396
53203
19540
7929
28626
6730
60787
21014
34291
16109
30973
61300
25183
46208
32135
30664
10207
14581
46609
8764
61754
40407
71518
18770
2494
