146
10000
141
4808
117
20
2590
5192
1733
211
1386
4225
5740
1096
1271
3529
281
5705
2897
1041
34
6768
2365
1478
14
203
3586
678
2989
5428
1765
2497
2110
2502
5103
5254
2494
1322
3278
4754
5296
3197
1271
6704
3937
4907
5262
7084
417
4572
3889
1590
2689
3850
3660
5685
7395
2501
6156
3528
5805
3975
6720
3974
494
5276
2
1326
4724
360
3862
1140
4621
3384
718
761
143
4472
719
4435
7013
4909
4267
1836
863
3262
3469
2605
2207
2388
2864
91
1874
3523
2724
2086
3280
6925
4618
2191
6472
724
978
4746
1859
780
4115
135
7193
4897
7498
3915
263
3160
3294
332
2306
2201
3618
750
6779
5407
5524
2619
1843
5418
175
1128
495
4304
6382
308
1659
6414
6886
5656
764
2357
859
596
7368
1507
818
1454
4315
3195
5104
1329
