154
10000
4670
2847
1401
1041
3523
1360
6172
6300
4259
310
2458
6679
1989
4149
5305
2737
6604
4462
1351
2234
1598
3281
7092
153
3171
4786
1467
2918
7437
3672
1913
514
1683
4996
3548
1800
3731
5214
4490
5340
271
3248
447
530
1409
430
7299
7251
3024
3484
299
3321
2796
3884
7204
3580
505
1668
3601
1786
3559
4681
126
95
678
867
4274
141
2262
3499
3721
2567
422
5892
3890
2825
774
2287
1
2708
1435
2506
3719
1115
2294
5750
6927
7440
1447
20
1245
5905
3733
2133
5724
1990
955
2030
5128
178
1536
338
4250
1968
680
5405
3830
2708
1610
2974
1624
1107
3073
797
5292
3552
4316
1652
5062
987
1608
861
4350
186
2644
4872
4108
2597
3731
1172
194
338
2626
5644
326
6780
2253
3053
7175
6752
373
1421
2680
2391
4506
6501
3324
2304
1373
2465
1732
2484
1888
892
