150
1000000
501631
495714
301656
589646
145016
94796
521261
698344
440724
710811
269117
255425
317512
65328
727364
264626
83457
465019
29496
534981
329118
235186
357012
477854
204669
744575
220050
184619
246298
481492
306075
121539
243910
219436
448308
329574
431664
248948
490195
112562
458113
511219
582353
519663
15514
193607
327855
295793
366692
254083
302964
642988
424619
664753
481187
381217
224945
269516
266385
238850
120708
235361
115458
181424
86353
704207
294384
161378
163564
201792
121811
429621
138719
61189
736
229559
76551
566433
492862
11405
230778
68978
345026
495697
404967
367263
224113
221630
44980
669813
13154
507138
34391
643400
25456
301126
605512
65627
109755
148984
303024
335247
581203
327398
178744
30740
291083
319207
152412
152557
162063
282
280089
120811
648945
231584
427346
272636
386506
69869
125279
584908
439936
203160
14303
162825
159055
135174
275653
242057
283920
386789
107986
439130
234789
183540
188255
217547
310737
389330
571238
53506
341876
146647
527586
67559
730484
439130
156321
320907
