143
100
2
12
11
1
14
3
57
7
65
6
32
10
20
5
10
26
35
43
33
4
40
52
74
50
43
58
74
46
4
22
4
60
23
5
13
25
50
37
1
37
14
27
50
57
68
49
37
26
43
12
23
40
6
17
49
28
28
34
14
54
72
25
3
3
9
32
38
12
37
35
31
5
51
33
47
63
12
26
16
45
69
29
15
45
13
14
15
17
56
2
65
35
13
50
57
27
36
26
35
19
12
42
46
42
31
10
2
28
34
38
2
7
28
17
36
12
71
12
4
66
23
75
40
2
56
28
72
17
14
73
33
55
20
51
75
62
38
30
13
72
28
46
14
