152
1000
138
492
147
578
344
525
610
351
44
162
44
112
166
17
31
474
7
331
205
356
678
147
205
216
62
263
244
287
316
261
61
154
376
405
475
305
743
79
154
194
208
604
439
133
340
290
343
309
275
85
1
249
240
560
91
99
164
40
436
8
188
437
226
333
118
127
85
183
665
255
273
508
336
519
94
646
685
127
579
314
85
491
426
216
139
60
534
138
205
564
124
65
440
289
337
188
12
663
329
92
302
125
293
73
497
736
233
663
118
156
31
262
317
145
19
466
563
240
152
146
372
200
496
245
317
436
651
705
710
23
421
281
501
47
391
144
401
328
326
169
719
7
9
622
476
694
22
429
51
613
565
324
