159
100000
72952
72748
5211
31927
10
41340
19794
34844
60991
16429
1704
27252
17722
56958
34189
27188
21491
54967
23181
14389
1147
67076
8979
25381
50984
26192
14944
42193
19042
49200
43546
15929
10099
33706
74690
10203
34813
26784
13993
19374
4512
7693
64245
62887
29889
67616
30685
13818
31823
1770
6727
7846
23300
29506
18885
18734
28553
56118
2552
29624
13991
32327
67587
60101
6513
72678
10039
48279
58821
41487
5428
42006
30403
1237
63994
20715
40521
55380
41722
65156
11133
18381
12224
35358
37113
40178
8100
32315
56454
34371
32252
2055
58470
6048
1542
8210
7840
27976
5615
31772
74820
58971
10971
67376
21433
74350
30302
58660
3600
34464
5123
40487
44765
477
31837
2879
13460
66524
14638
39321
13
18882
19551
2851
22159
9556
6295
5453
7962
36501
32413
39691
849
46581
34337
36077
12318
4176
1514
21905
61218
27322
1981
13499
35697
9363
31505
35641
16287
37271
4028
12487
33880
9109
71447
9167
439
14709
15271
