142
10000
7433
2270
2422
5936
474
951
3658
3050
34
4003
5896
1577
315
501
2129
2388
2366
3003
7451
6
2258
4886
580
6354
4533
4
1134
4104
468
5143
1213
5916
6803
5280
6288
5320
2733
4084
73
2291
276
2927
4064
5386
695
5201
188
3465
785
5091
3512
2517
7483
5439
927
5867
2090
3889
4857
5848
2092
5984
4338
5690
6189
1896
2242
2408
2526
6830
2048
1117
2982
4276
5093
4102
1509
5086
1825
2567
5151
1324
947
2187
247
349
463
2558
2895
5487
83
4009
1309
7316
2310
3406
2501
1357
29
1237
1567
4531
2485
3569
3226
1233
875
4701
4857
2426
1764
512
4909
5114
36
257
220
3566
4152
1544
3384
1631
2871
1170
4561
5177
1253
3811
2128
5522
1111
4491
6730
959
6316
380
5038
7289
6300
6997
2488
7049
