144
10000000
1764174
2574180
4095304
6949516
3628399
1719442
6082427
5865394
4235500
1709088
3253977
1878150
2271163
599976
1007861
1416542
595039
3987069
1244808
1731259
6090298
5050984
5041870
2599398
134730
1296455
535998
3412138
3448684
2199380
2546902
3794648
5764500
1952201
6200201
6783597
4182634
3457892
5826029
4785649
1556649
3633533
2973616
346704
4978772
1043149
2416719
2890568
3000920
2004812
1575585
4478114
4118235
3317074
418382
4891023
4360949
3176518
1696839
4599766
2341988
979512
5532488
5400234
3244402
2725721
4117096
5991283
3377372
1975400
4225420
1724309
577299
1365428
90215
3321459
3776517
5103071
2021962
2841277
4702950
4467512
3402484
2420740
4134606
6243555
112486
6999080
288682
2960299
4891369
1496656
1931947
6382671
1161201
294
5286749
3402656
4932668
3262150
5774451
511577
2765591
453029
478182
5855481
2668102
1239516
4144519
5297050
1763959
2559268
4247764
2391017
3919609
2480420
800449
5752236
7039701
5796895
1161839
165129
4268155
655725
4808784
1576486
6244021
4173971
5067038
1059418
88145
1446664
3089316
1107879
3050484
6878087
1719747
1186302
710970
7129073
1954049
3270464
2809007
2035840
