154
100000000
40254524
2097420
63719
39371297
64956171
29596003
67896346
34562890
31801203
11287968
59298420
13217700
71994476
32489648
49928749
25289271
3302899
67117812
1761
29346134
20192360
33825389
40123734
39339894
59882515
15650516
28196280
15618425
66246407
18934345
7176132
10585039
7201201
41868684
674911
20692101
14011104
20472826
16972507
15447690
50415934
28356932
30281408
60596387
16354324
64966986
36967203
15039504
49584066
7767884
21494559
36258893
12463962
18215985
27061221
8355784
22234846
28207210
41165692
4484514
53499248
51118044
197911
45893395
11808309
68922412
40345852
3570233
4523861
264237
3978431
16527864
30541289
61026893
1732092
13626974
66647270
50427101
16770401
3310520
4325636
50071251
11431984
19702583
54822187
1383469
2841692
58000557
37659097
72131767
11268522
38517652
11268897
66665898
37464121
23192567
1653591
49572899
55583750
20414902
4902443
10679516
15915370
61720490
57116991
20316656
1008612
33334102
55608925
61359743
73702059
35947693
59348212
37215049
16593542
21340709
5669904
56728442
24593394
39458913
18365847
49265817
20011198
6047166
10809743
2628485
5834621
2744562
34466412
67343678
35033014
34915774
34586995
23825197
44193164
12598591
12238201
16677982
22194758
7437095
28005524
19505063
45251215
7778725
27099157
5396661
40387551
40701580
44182544
34315377
31909449
54571823
37441733
9709409
