144
1000
246
196
240
109
407
37
1
542
260
496
476
336
193
670
177
603
324
42
491
48
405
199
404
715
596
465
331
1
285
119
717
88
65
589
545
24
221
221
508
205
91
168
89
531
71
278
98
212
277
505
731
14
286
357
378
194
275
119
314
289
244
615
214
11
16
718
307
174
8
195
11
523
323
469
376
370
513
342
535
199
273
676
132
168
187
737
212
36
647
243
9
64
549
378
427
717
29
217
413
525
29
263
151
272
146
54
518
262
151
341
401
370
268
138
97
353
412
132
332
262
648
438
216
494
360
219
535
41
476
480
7
132
476
368
555
518
658
223
232
352
584
524
331
505
