148
1000000
438783
196513
31738
365506
58515
69131
249666
146443
26728
193207
146192
368084
522887
658454
561217
120712
537207
44547
353136
376841
700956
480050
579698
389564
206154
490156
576674
185356
133694
266723
654248
63052
34539
46839
545671
468635
214530
359828
653346
515171
399183
228795
78672
65553
14552
18478
294429
622684
304553
200956
114381
49054
174812
12800
684359
705571
623159
79211
211418
351989
371113
100151
10087
17840
92164
45674
543789
319926
385653
158024
420302
155291
484986
86244
187728
438663
516681
302347
252302
494
260803
403861
441278
548496
466173
341546
684646
338158
18477
74623
466989
242758
582387
127650
129244
188975
563450
299044
355529
428798
363961
426843
276394
402490
374086
333549
42988
36881
661236
600817
76173
279579
613726
289172
301387
14254
106230
85998
97102
201183
400669
338764
284943
234185
280111
155186
739954
51617
294580
21267
350213
57221
160631
680728
394959
94380
402151
319272
707960
596771
35881
482392
292040
426697
417613
504991
306327
267104
