148
100000000
23477032
12327
7002761
31003893
30276525
57476333
37092127
57669841
15207647
4693197
4768902
11575149
41154794
8660600
13902374
4015773
36840157
52188247
14416896
7658159
55198988
446038
40695052
50498763
356328
61535441
2359486
40437480
44952235
40842343
48842915
2576428
10667406
12347964
7060280
9202076
65671031
57172017
32095690
5023884
17489233
2319821
35106188
73366141
42815656
47450467
54451075
48469561
56781664
38613675
48705528
13190132
50379258
7364481
34328969
49174704
19824682
33770421
38517643
25274427
14262472
9028373
2859518
63159843
34553611
51212390
21405745
25171379
3879650
9352146
11777719
67904310
44801012
39694100
47373958
1179383
12923708
42955761
668200
31667022
14108399
18745687
54518198
13016127
4724372
3882275
257285
23120287
47010293
56502175
63789021
19211930
74095271
63808652
19883207
16758500
27638213
52419312
2427530
25242472
27849016
17108964
53961327
28013279
35505348
29421061
38363466
66346516
9137634
14086245
8338711
61969856
26633849
12247739
49501237
7229276
27557903
18025394
42330159
16264879
13072162
57978274
74828621
74384963
2864936
43442115
32456884
50408407
47141312
12124644
21253762
26633859
69844703
4912825
39480266
8755309
16530884
6692799
37799295
55422938
461913
50124771
46658901
57420958
43908862
24991630
51530439
17523898
