155
1000000
325636
217974
501694
194249
589176
5040
19546
279186
398084
235138
60915
272377
194054
414983
275031
239122
215570
387552
57319
15091
207699
123522
325043
731198
270942
302373
326190
21923
144649
674945
199663
368769
150184
284844
508894
209421
3749
71436
402129
42426
201351
409037
74892
316602
60873
176647
698527
10673
97909
530720
107596
268117
271374
587355
691043
218671
193974
475601
24720
231884
582428
470
91115
299159
13521
169039
510125
586052
379310
75628
267894
259187
61849
380773
674957
462273
173677
336320
240639
87383
126480
65197
240433
458315
127585
574327
597871
447513
282629
520014
274291
202719
744411
257785
91832
19488
552487
731883
260535
735432
658808
609625
170321
16467
146413
272606
549289
212244
510331
199223
684685
143921
112578
518964
734462
124909
227518
466035
79047
516774
268802
392268
156517
180612
216815
498306
202063
321646
209962
353755
301473
223199
116750
347631
252017
27849
64333
68524
20104
208798
324530
239687
673471
19144
221922
45101
572334
88599
461892
491693
483226
179977
464943
440306
29203
