142
100
55
32
10
37
51
1
43
55
27
69
46
35
53
38
7
12
18
38
55
36
39
57
66
32
25
43
50
22
72
36
51
29
4
1
20
56
45
58
38
25
10
63
3
23
33
11
14
5
10
42
9
25
27
45
32
40
6
7
30
17
49
3
7
48
57
38
55
29
45
40
33
23
47
24
32
5
12
41
74
44
44
4
10
31
26
39
32
56
39
1
3
34
29
20
50
3
7
25
16
2
18
5
12
75
74
54
6
14
46
31
39
4
75
1
19
1
18
45
64
40
38
13
21
29
21
57
18
49
54
64
25
1
41
26
32
48
12
32
69
20
21
52
