145
100
39
72
14
46
68
7
20
9
25
37
53
12
15
67
75
2
73
17
17
36
25
41
3
28
15
39
26
2
16
28
17
32
29
57
38
8
48
36
4
19
30
3
34
52
3
63
26
54
33
67
54
34
17
30
43
71
35
72
38
14
3
38
48
26
28
42
14
31
14
4
55
4
7
73
28
22
58
38
49
2
45
42
18
11
29
2
41
26
18
52
6
39
8
37
34
6
37
1
34
44
43
31
45
18
48
66
13
32
17
23
56
24
44
20
53
25
14
60
10
21
20
30
9
9
9
43
26
6
23
23
53
18
5
23
59
47
1
28
43
52
60
69
17
23
39
