147
100
4
16
12
11
45
14
9
4
44
11
3
15
34
53
13
19
55
26
14
25
41
42
10
37
41
57
17
41
18
3
28
38
39
11
68
8
33
14
26
48
74
39
58
11
6
64
30
24
33
55
24
3
13
5
30
34
40
46
36
32
14
35
62
30
71
32
30
9
18
6
5
6
22
63
3
19
22
37
13
42
16
8
41
30
46
56
53
50
3
6
33
3
28
6
6
49
28
14
30
60
14
1
2
25
57
48
23
39
59
48
52
26
31
72
42
63
11
25
62
7
51
54
65
34
70
16
16
61
40
65
35
33
24
26
52
66
33
74
3
17
11
17
10
45
7
5
54
