151
10000
3513
4121
1107
2444
2900
5604
4118
2367
302
5936
3966
57
1586
3274
851
2591
6512
5992
3862
3117
762
999
2276
1723
1903
2842
652
4659
4260
3790
341
518
1964
1425
323
1769
842
5222
910
4517
3735
3021
5023
271
1205
12
1140
2
3584
7407
616
2612
864
2422
7100
1007
299
1328
4679
2753
6626
4490
4031
3288
5033
3260
1581
3415
2722
1452
3159
3872
4131
2685
2239
551
7273
6999
5117
2752
2534
6040
3433
5702
1748
6561
570
6700
905
134
2727
3957
696
4846
2797
1974
4461
3001
3057
4998
4099
3432
906
1382
337
2613
4156
3729
3001
1534
2043
6053
4288
2948
2738
3268
7387
6883
281
5727
5666
883
3488
191
2058
341
2727
3013
2453
2301
688
896
5954
5706
1025
3980
2787
5058
4017
4294
7409
676
274
2950
2711
956
4545
3006
2593
2661
1374
