156
10000
3478
3092
3374
24
5112
117
4084
1096
801
3101
1256
1484
2082
5231
4240
5340
3337
3071
2248
5539
2990
3392
7199
4585
3215
4677
3417
363
5415
2785
1658
3438
2801
5253
4769
610
1074
3448
2562
2708
262
263
7436
5376
1815
2481
3669
5062
5869
749
453
2368
2634
4249
1495
1922
2897
6663
6784
4475
1605
1910
3924
1731
2738
4269
5400
3990
1399
2334
866
1815
2431
7176
753
851
628
5177
1447
4
1283
1391
3523
3264
5035
3213
1277
5012
1438
1387
355
3048
2711
7060
4
1737
2784
6630
60
952
1249
1528
1480
2614
4383
5953
4551
1094
522
5023
2758
7269
1309
1922
189
2824
3586
1790
1925
5623
4887
2371
2518
1811
41
4624
5487
4288
1917
3291
757
3733
3453
5082
1855
3370
307
4888
1073
1236
88
1468
539
4053
2191
945
5529
3665
1176
4660
2284
6076
170
1155
6763
657
