142
1000000
465706
35561
199967
232219
253587
490245
284170
30591
509860
430831
378797
449448
625890
393199
207183
541594
430372
569211
397844
426969
102690
264914
421321
310893
547283
150227
697267
248965
275406
59639
461700
279879
67492
290222
306442
357024
15910
185404
684822
195892
284586
261748
262374
54129
382539
569628
172049
430789
317952
178234
288756
135433
451061
519236
455399
196140
635271
100862
167797
376890
696721
668255
409168
458406
393435
507125
405911
106840
738252
26855
177
359986
69257
308504
95550
381006
206991
173210
28141
571770
388857
26789
527444
492875
218807
220941
319493
294507
101766
462279
669317
709601
26422
3951
19790
426582
135975
746413
159355
99925
298659
480764
209338
324696
95348
743710
366570
142242
394640
57673
357382
25122
473821
330975
132758
104695
655193
161255
452387
320158
669025
271818
117170
363178
27873
64805
112234
79603
604717
550552
157866
495618
71652
285202
89340
720121
336585
364729
594770
65052
472556
183990
