158
1000000
515146
506805
390684
205497
309916
20331
615041
292669
389750
343036
379492
163791
107488
274338
383466
568565
323096
434342
149091
96190
182031
312214
329207
118139
140229
111729
351783
701164
23540
105228
386357
513854
3717
171043
530148
161618
56421
581078
22024
141616
36502
159635
358347
713814
210356
117189
206727
486599
523
66110
365526
24918
354645
614356
285177
162557
284866
328759
403101
608361
75816
223990
163527
422199
357714
350032
219270
380667
17690
225036
231640
110741
384959
630462
92079
141489
335232
92995
251759
17958
689417
246406
676904
393151
168257
98764
458691
281594
506392
203391
689641
392987
57689
240400
511020
273072
247315
510809
309170
264047
479860
160608
65886
672496
186656
654076
221497
21779
372755
196983
121444
314191
51931
514562
578574
164483
266258
95864
97828
528524
151746
237582
73605
424527
208037
436312
180268
385616
206987
390287
293993
273548
310583
2620
456020
62196
192176
134353
282673
726928
304473
74802
263264
268738
195765
165169
476541
478330
268472
19904
13916
329438
343106
421426
295449
140751
110639
489191
