152
10000
4890
6218
3628
1210
762
2877
1062
2370
3108
2314
3293
2342
344
4232
4544
578
1048
764
5159
812
615
4509
1712
1720
6135
1912
6320
5207
3131
6002
3615
2405
4483
3298
5185
1351
1503
5430
469
132
5812
5614
1841
2583
3053
6933
1440
2305
1298
1562
5551
52
5024
4469
6520
2272
994
1650
5820
385
6304
5252
6818
3147
4944
2336
984
2578
1447
5558
3140
576
1105
457
4360
4886
4118
637
2868
334
2268
1333
5621
6890
4386
3808
2849
1474
3736
1626
3488
3277
4526
411
1405
1935
3052
5020
1116
1883
3473
1239
1564
1554
4157
1208
4178
3714
3865
6
210
4166
3455
1443
7366
4610
821
6023
272
1056
5034
2365
4283
6800
3009
4815
4188
3116
5861
1360
267
5
1782
286
2398
1798
5659
2522
914
6385
3398
230
1597
637
2109
92
2473
7151
4966
169
3745
2386
