147
100000000
8121752
37214381
2284456
10069920
35313161
55145850
65405940
25932863
18258058
39595997
35047008
15689691
21547316
28570710
18873803
43463278
17304911
6465500
74834207
13590224
25165793
160135
30399464
16476053
48850191
2012939
64019941
9065321
49832457
1696531
58769886
28620127
49378180
36589311
28975565
13020935
11772799
67201321
44854150
26500020
4838396
45128797
1983732
69572668
16967180
41901666
16437841
26439005
16661001
2469622
63410689
32301876
58098334
17388894
37817063
24847011
31128548
1077033
47095084
38575503
14911451
32798679
7109732
41380181
8366917
22243475
38237574
65655020
18672516
26638119
15426283
38175086
24233226
26683615
31054789
27599253
39910043
41414846
30427332
13708481
26950262
22120731
4865
43326867
61762426
58585154
46516872
7445136
12009713
73560995
19552828
7600213
18741986
20645541
50989674
36457124
56362030
39812271
19207725
33518906
5703128
72677526
7997602
52904916
6749558
61424497
10512285
55131641
35831482
72759280
5097072
33551198
16657159
68822732
19682798
21473151
64686839
48720
36909006
65200705
22419945
16235212
62785619
55236730
3600849
4682052
37668498
35980059
25866541
60089957
37910384
31926121
6999443
10634250
15202797
44975651
24069549
16999851
28038742
46429993
18907777
8681222
12484057
27322474
53162695
35887928
41932284
