154
10000
1959
261
1394
788
3489
4972
720
1725
5648
899
4137
2302
3529
5077
805
445
2852
1390
1963
2944
396
736
1064
3338
3278
3135
2909
1576
4059
255
6166
4063
824
7056
256
4571
1141
3662
2169
2021
4023
2821
3196
4360
4580
1385
6043
1427
2199
3397
3558
1641
4129
6916
4850
4184
1319
1228
2547
3170
4664
6523
3777
4464
2977
4278
394
5937
2158
2142
2920
171
527
4848
2920
4977
4240
7236
629
2063
6184
211
1177
3348
33
4352
2101
4529
4047
734
6654
3084
173
5148
3033
2416
5234
1705
680
3994
3
3247
632
4166
1347
2205
3283
1826
1918
616
2584
3976
1214
60
5168
3347
3352
1428
4591
278
855
336
7228
483
2829
5816
6205
6199
1294
1247
1938
1318
6024
5279
2058
5722
1737
5410
6209
4619
4439
5759
3295
112
1289
2921
470
751
3677
3407
1271
7179
1809
1945
