150
100000000
50163082
49571382
30165645
58964538
14501563
9479633
52126099
69834355
44072375
71081061
26911604
25542551
31751133
6532935
72736369
26462579
8345624
46501854
2949509
53498146
32911733
23518589
35701264
47785329
20466870
74457449
22004970
18462000
24629927
48149166
30607479
12154097
24390997
21943600
44830778
32957320
43166384
24894785
49019429
11256279
45811214
51122092
58235443
51966445
1551572
19360619
32785642
29579383
36669179
25408252
30296343
64298736
42461887
66475247
48118892
38121837
22494482
26951635
26638422
23884986
12070923
23536038
11545972
18142332
8635251
70420617
29438303
16137783
16356305
20179160
12181031
42962055
13871844
6118812
73799
22955884
7655064
56643215
49286141
1140475
23077750
6897959
34502527
49569807
40496671
36726400
22411270
22163058
4498095
66981448
1315353
50713859
3439085
64339989
2545542
30112703
60551178
6562632
10975580
14898350
30302342
33524753
58120227
32739845
17874528
3074236
29108265
31920697
15241351
15255852
16206215
28175
28008898
12081006
64894426
23158507
42734588
27263631
38650762
6987055
12527834
58490774
43993516
20315915
1430278
16282422
15905454
13517332
27565212
24205773
28391918
38678898
10798564
43912943
23478980
18353926
18825623
21754647
31073607
38932934
57123725
5350535
34187662
14664626
52758592
6755881
73048365
43912981
15632056
32090618
