163
10000000
1081379
95021
4562391
2745872
123182
1341374
6159960
1987395
1673352
1963862
3612663
7436703
719107
4896604
1962859
441849
67247
432939
153458
5780220
1303326
2890095
1837301
607816
2159519
573924
3444540
1184977
1774901
6262240
2709341
643176
2979713
6782914
3864649
1156638
129651
4076995
644904
1616476
2829847
893091
4757446
4876823
271160
304491
4151227
4673040
3735702
2009077
2641777
2365263
7391234
6493836
3570873
3788043
2000050
3138350
488141
5101358
171121
613255
1099272
974612
2827023
686726
1889688
767705
3534574
1155170
1965739
2219730
4974082
4721172
345617
5700330
6555460
592027
5123177
4598844
783328
891686
1398024
3916866
5211581
2937018
1525295
2015641
6682012
5342588
2791869
2858375
6855637
4382742
3517369
985910
4542176
3288
4835991
4292414
4898642
4663796
654877
3637802
3442242
667670
629197
2692405
4954299
4935096
2775560
6382577
1406659
2354236
2279450
2038187
5573740
528071
7290659
1259833
1409451
6861650
3874357
1844313
5647342
2812256
3961275
1899616
296980
3617423
736186
178187
3262539
1714297
891292
1654392
6780694
3771708
560985
3526572
1503171
425217
778913
3292791
5036079
5574955
976282
552137
2702651
1391235
4822317
2433025
7020287
1125255
621930
1165410
2822741
2571017
1793046
2676111
2683267
3810087
209067
