145
100
44
52
50
42
23
19
7
47
74
28
34
12
38
69
63
14
16
59
25
12
19
61
14
60
39
12
26
42
37
5
38
63
12
5
50
44
51
75
25
20
6
25
53
9
42
46
32
17
4
58
12
53
55
46
15
18
25
9
7
49
62
1
48
44
18
26
48
26
4
29
7
16
50
16
11
22
47
71
62
38
15
13
13
7
28
23
37
19
34
49
38
25
35
65
48
18
1
31
67
8
47
1
15
6
27
45
8
3
15
22
7
75
6
41
12
43
27
1
25
20
37
11
40
8
38
63
24
8
11
42
46
30
44
74
70
7
74
2
7
15
70
19
11
64
12
