158
10000000
3934404
4998326
133640
6116158
2686034
2821680
5086715
1514424
1472144
3504780
2995377
4250753
7451322
3908686
2575852
3219785
1109563
1501752
485506
250983
119815
3421793
2305443
2003341
2008234
2581682
2744970
5762450
776455
3195976
547453
3563316
944875
571904
6334886
938640
1302236
1004777
1855561
137096
4106218
6161957
3252976
5893782
5443085
2742478
172694
6080862
2597728
953781
1643365
2193913
2068505
5235876
2614433
4095655
2355544
1424712
572954
4807089
1412056
3351700
248979
1182746
4963787
3800435
668469
4387368
1012659
1445856
3349304
2583618
2361816
1928263
408266
3002378
2937650
71266
3497847
3978368
7465725
92383
5001674
2466
5326770
5261731
3736367
2399943
471898
1902059
2199704
4419819
2898487
3082307
3842386
3883842
4042571
3673227
1840416
966032
2852495
1261509
6495220
775930
3484474
84740
1134513
5884213
3984192
5515677
587496
1751062
3390215
4780768
3539798
2975728
5569804
5769304
5956387
3212186
3712357
1930752
1385709
532539
982565
2728352
3666595
2133482
6333405
3306177
5706176
1400553
3168765
3063648
6497385
2911933
6055305
3292266
4181217
222735
1335520
475972
4482212
3669617
1623117
4230696
2817249
2400248
2414331
2241106
1472897
3584588
730959
3403640
2843910
2469593
396054
1531632
