145
10000000
1996084
3131145
3648881
5521684
3090606
1337458
940241
1595637
986534
4717766
7108232
3748058
5612195
2793453
2343888
1198257
59
1799332
3321009
3346367
22498
689737
275636
1345082
6511854
7432781
3895623
4009216
2005121
2078114
778080
4462401
355984
3872190
4433352
1642194
2543550
978205
2567219
5033621
5313630
4171097
1216742
454233
4741070
5667040
2381547
4287412
215187
5711357
598064
545145
3582989
1152900
6311330
119008
57737
4425815
2461757
3995755
1959132
5150796
1285515
2045325
4686370
1248805
4905276
4717594
1127513
5360325
7399816
259291
1748962
6978274
3738601
5258930
3115460
2632615
5102314
375630
2726706
400963
3973106
3913013
7369128
3783922
680497
5094724
228426
1852792
501317
3021726
2893611
185148
5596100
4681589
2732121
4478316
1968398
2504065
3972752
7495935
2061802
4008374
5716486
2854760
4737261
2881067
2600184
5566648
3951966
5574185
4904393
3228111
1783309
2876266
2907941
247904
5323647
4890441
3107200
4349831
1111137
3488146
4029780
682428
3483344
3273086
1356720
6819061
201573
2154093
6208630
450390
2297414
1068137
453904
3982046
4159379
4403900
3755304
4744790
352835
2571900
5650169
