154
1000
20
215
6
665
616
439
314
446
426
332
411
9
109
523
199
724
87
270
567
284
178
18
261
472
291
56
403
266
182
319
576
121
440
6
544
469
108
369
669
468
133
335
182
611
284
50
694
11
276
53
154
137
338
127
34
218
357
466
266
390
103
1
121
218
204
446
392
155
169
586
383
209
743
110
387
368
493
389
220
317
219
144
33
73
658
42
12
13
82
550
29
308
89
160
266
27
606
638
108
367
736
14
435
86
260
105
314
362
266
242
540
455
223
164
698
326
116
117
287
82
387
168
426
349
280
58
364
92
716
404
532
196
78
287
66
608
208
342
162
310
612
251
463
322
306
103
145
467
88
618
403
716
188
25
