154
1000000
196025
26252
139392
78740
348837
497144
71952
172721
564705
89814
413649
230126
352909
507699
80412
44625
285150
138979
196296
294497
39566
73507
106526
333732
328031
313478
290842
157518
405870
25619
616541
406254
82536
705503
25515
457016
114161
366149
216888
202078
402427
282130
319579
435914
457939
138497
604230
142683
219836
339655
355776
164079
413042
691691
484922
418469
131859
122742
254609
316930
466305
652294
377636
446362
297659
427791
39325
593746
215847
214151
292116
17247
52665
484771
291946
497679
423958
723563
62841
206476
618319
21082
117662
334728
3447
435295
210237
452867
404631
73614
665373
308309
17399
514732
303535
241579
523398
170548
68245
399356
206
324824
63151
416528
134680
220678
328220
182702
191703
61701
258600
397637
121366
5939
516732
334640
335104
142870
459007
27784
85413
33505
722770
48513
282831
581531
620488
619805
129492
124615
193993
131739
602363
528098
205800
572150
173712
540949
620815
461881
443898
575894
329482
11137
128812
292065
47104
75021
367672
340766
127372
717870
180802
194573
