144
10000000
7121871
2596314
1309244
5459
2130108
2051021
7289491
3217907
2034713
7309623
3746213
2690377
5153428
1008141
2724033
2292920
3510203
973016
2738985
1065565
2878129
4247522
1232903
4630515
465695
2098329
5677765
199053
2376867
4317126
2337787
4562670
1187094
92846
6174897
2639512
1965885
2426338
348798
6600756
1513079
33060
3260008
113645
5330630
1986103
1248577
12446
7269523
1747608
6364131
2813620
3537780
6904720
3087324
744624
3659478
613526
3943373
2730477
3615260
616051
995532
4491592
4677995
832381
5404270
6633133
3833518
3544469
3465760
3286195
2092222
5282328
6437847
5439149
1998808
1622461
554994
5369485
366214
5821665
4942350
209335
2665154
3567722
6605756
4992700
945985
4717672
5072139
6155109
3417115
1555630
1303752
99167
5508408
2689884
1229231
1487316
4908468
4243199
5411932
3516599
3969552
305903
2144962
317652
4396956
1292355
3675987
1845875
4933579
407142
32823
4106534
255029
5159552
5635794
1953672
3979456
7387666
3060964
6196468
2351561
1580440
4434206
2181071
5565216
4145512
2322630
4322235
4172651
3399244
197573
4383574
216836
5811209
438423
4588068
4810934
2083223
285796
5682874
