157
100000
57885
32652
70409
48297
375
24223
16269
57533
6179
12048
51991
45236
19658
72286
4828
33210
34607
38833
57674
49040
54747
8745
74457
31203
7915
4902
18012
18767
27607
21688
21543
15522
13126
59676
3534
44147
22429
20002
27987
6565
53187
25017
47528
25219
21181
61167
15072
27714
7397
14080
21992
27413
40091
71029
72525
30251
14174
42326
22371
26496
2791
9040
43248
11639
1108
35910
11884
73504
26312
37
8455
18526
22622
13597
55242
28057
27834
3426
7283
9779
39217
32449
8548
9874
17545
43577
25025
40324
14307
47532
35334
10683
54243
2587
1386
1226
7079
46813
39412
1138
15597
1649
58232
32003
13555
49346
20345
39480
50907
1069
34212
17599
3870
58871
22263
41368
23935
52468
15830
12740
29504
5198
36277
56423
21106
2005
29734
8579
40842
23378
3638
74975
11647
21131
22975
59535
11437
48795
70496
19507
21517
55853
52572
67551
58688
50276
28537
23139
26266
7536
17082
5978
28661
3587
43441
14739
41426
