140
100000
11678
15859
2382
60739
34351
4948
942
32289
67965
63108
53979
39261
6163
63662
16608
9293
41628
47130
29439
17056
8737
17367
9125
7680
14899
30729
23828
47402
35147
38240
6791
53751
74894
57624
45970
21921
40822
38446
46009
6006
61554
53151
12522
44993
1663
2117
47927
47541
30390
69382
38677
27866
6779
45778
60240
26192
50708
50903
11011
68223
70566
58641
36004
54585
43106
19893
1466
42052
9458
9729
54963
41291
7070
6617
38345
70148
46889
33639
10284
73097
26903
4031
66803
54030
3119
29963
57948
22780
7408
27096
17643
58
12178
41559
29106
29482
33244
17944
9242
52598
11251
59178
10202
45120
64193
42829
15736
15840
45037
30618
6305
24796
4842
24951
3700
63829
17946
22643
28794
16203
36171
22172
52950
13709
22562
47683
66068
44746
25269
44826
22048
9532
67711
42175
3241
15603
11552
5198
71016
49292
