156
100000
72020
31569
17179
5666
37908
7326
19371
39612
13145
57718
14781
44216
62488
6153
21747
25464
18995
17388
65813
5612
38684
12860
65594
18308
54162
54417
39159
1462
27775
26163
31553
16959
42899
10292
4691
25110
3809
46709
32556
5381
66752
785
4365
31879
67199
22003
1322
29837
28552
61391
3319
15964
379
331
16496
61722
11701
9130
49366
23496
15209
31783
13767
37199
57551
28871
17339
15938
19
43015
6513
33655
29731
1850
45965
68675
21467
66643
34004
67256
34430
37254
32869
34051
34379
44453
18786
66442
49232
12183
14436
7644
34274
12439
39144
47111
14781
5409
58882
5826
9236
45583
16362
10204
7743
49299
31945
10837
18040
68362
38418
12130
1695
58088
3244
12779
3361
57895
33525
46214
59547
7298
24626
44648
20362
26189
57399
38390
31158
25713
2989
66475
17899
26553
65726
16037
57101
6975
10250
4440
24340
10797
5038
13909
27826
54607
39671
25659
40931
41446
40407
36583
18517
16204
33967
36185
