177
1000
279
601
90
892
436
147
976
27
204
452
539
96
161
374
311
465
504
16
105
165
35
431
536
103
12
69
846
721
50
220
541
895
180
596
54
465
19
246
252
1
18
354
225
522
850
358
124
73
339
230
576
28
138
665
529
527
463
174
244
287
471
180
163
425
271
24
904
44
680
629
433
393
30
393
732
404
138
56
846
393
239
48
107
748
218
356
81
378
296
421
363
607
261
475
566
512
160
739
371
252
496
95
760
378
475
144
6
17
2
403
548
425
597
135
17
956
44
395
154
123
310
405
427
442
394
273
644
72
473
406
89
622
431
196
566
617
399
270
324
856
87
862
73
361
24
147
86
147
973
115
156
558
16
204
240
105
320
171
455
983
170
7
39
424
622
1
464
108
185
432
150
118
335
460
623
213
537
