148
100
10
1
17
66
52
17
36
8
30
50
39
22
91
1
40
37
16
10
3
52
25
30
31
24
52
45
81
24
81
36
31
20
21
83
1
52
4
73
82
65
39
60
29
23
15
37
59
77
7
3
38
72
20
2
55
61
10
40
8
66
19
9
45
15
99
30
82
40
9
19
17
64
16
17
17
64
70
17
10
30
85
47
53
60
98
34
30
15
96
20
53
2
80
28
16
9
49
44
48
65
1
4
95
21
9
52
27
25
60
28
83
35
38
15
23
85
3
71
47
90
4
43
19
48
48
75
85
24
7
69
83
84
52
12
6
70
29
48
83
40
7
74
53
84
75
55
31
79
