154
100000000
43276704
8629297
66075279
3948575
15701543
60576733
1792538
45684968
19309359
1503307
42222084
96051425
81207556
18393633
57809937
72767831
36878177
2224103
5846773
16522092
98839793
98255660
77482
30868765
58426118
43402478
27232169
43934385
85183264
91229893
16488632
72952682
27452761
35983791
1160207
26192074
41399427
5150700
19565567
17205725
18590347
10452419
42075240
11682910
30955331
6097766
65741701
6975297
63121823
20472916
4906214
66240996
57000239
83477908
3007266
47704980
81698474
79527084
80492690
4015738
32381949
53459670
86007985
11321298
33111148
7965774
11290441
32586128
16594899
16852841
50033891
53966894
34953179
9630818
24782554
11270117
76212044
38480838
13992015
2725364
1715362
44031915
5366997
30375867
30115845
25604349
56723296
29544474
19590242
93902234
95646605
12789342
12176222
18792444
26697898
88622692
46790267
29270187
90369182
66700466
12061529
27643259
58071524
54337968
8708126
52295020
25025013
98284638
2803673
74395651
11377308
90869498
59382628
58784575
23787956
26275697
18789598
90380098
57924760
6239997
44499198
45662032
58600573
38991196
9130502
31220989
41786886
9619902
46540330
41117219
14816736
41953595
30283441
4353395
13497602
61738152
21827774
94633003
75217446
26556927
56065615
87210658
20760697
29696050
49193995
9876650
1744340
57090243
84298457
13147570
46792676
804333
88317090
81409653
