162
10000000
1372144
4919721
7293451
8096848
5122280
8782673
776715
7877348
5221121
4918988
172374
2862214
9280770
6573107
420054
5118592
6108285
2122652
5219200
868299
1920993
2252200
6117957
8127198
3978206
7285121
1032280
3169054
2311737
1439511
1918586
969113
3922268
2706549
2894701
8970051
4885424
2129432
2709538
4711025
1752611
1872802
3540309
9069550
2254284
1008172
1617233
3376636
5806763
1943690
2910021
717355
246664
4967106
581886
2582760
4024725
3947797
4881408
4877720
3421144
5859055
964164
8967399
2801667
3435767
7221590
1217327
4528837
8858852
448063
4318008
3849464
4237650
5287536
7369085
1854512
6582055
3925571
2290413
2427
876112
6717676
6077732
5264439
3930578
1032601
44074
748163
442459
6069422
2778410
3282324
3245211
4500505
8814727
4517699
2933670
3347922
1667712
820389
431457
719230
4193237
2054488
4540090
2199458
3488355
5895359
4340341
8145488
50509
464207
5122326
929877
4714000
8885645
8745776
3132773
3104934
9035836
721094
2899541
1703786
5926985
6564233
2138193
5158460
6623364
2714879
6830946
5643346
5471163
4841540
1970722
3703281
1185273
930450
1007560
8331651
2181541
95279
8056310
194855
2128455
1970759
5952970
821233
1903152
1360429
6402098
2027854
3283408
3417945
1659868
5457387
1560090
7653193
432452
2405303
2346807
1019076
