163
1000000
231808
859858
88795
447648
8486
655007
732782
497425
295058
855838
140142
111955
137530
139933
110994
195698
413518
92379
232997
324982
553019
996893
778785
154003
356403
54275
18365
498192
363124
9832
91885
671925
585134
323146
76150
322516
636876
280989
573350
675862
298883
146908
662867
194068
67720
190413
802107
824705
197938
517836
564536
149436
72279
565128
8007
3107
601008
431633
927721
413399
311180
373171
127769
188061
397087
93363
53793
189955
186314
717182
67264
602025
991993
184955
94799
810475
98128
670064
11933
389937
754858
448770
25517
578454
344993
81304
446981
103579
161791
828396
815045
910498
89502
554522
551230
189525
609706
878930
923850
261464
445478
356969
287804
260642
272520
414866
76926
159648
838209
212183
464330
393207
94
872231
43738
89887
164978
30625
61189
35996
69681
938811
56826
165238
222181
40271
892449
90543
704944
535670
905201
629777
175295
569575
146377
282818
964467
138172
171604
464906
151779
354188
337133
104476
538034
69280
396646
46240
552352
606793
777819
35533
446549
151557
512370
616486
568367
397332
295056
504385
176155
242455
121070
