163
1000000
372192
8618
160031
29716
436304
936649
708674
60299
44935
668115
534199
306070
389049
42377
232582
63351
839969
476235
17923
331885
180387
183169
39676
521191
689314
374636
186914
263915
237604
184935
21977
815065
492685
304981
79192
613999
77929
361494
399715
865591
583621
383683
464910
572
438032
430277
744845
239990
582276
468981
336970
513489
21281
218971
600285
159189
736085
81897
376021
879484
107991
974
515769
541524
429526
874229
561968
164474
205402
904546
157968
816831
428550
243409
68200
255610
961099
892009
379727
92449
217475
100722
155026
343869
362164
864624
874419
557125
602259
217966
405228
960426
744390
382041
421196
994976
656131
109335
125771
379284
5024
523765
767418
518904
125581
357168
221559
151673
226972
23837
730802
186791
223191
120516
917396
858033
38901
39574
23227
141967
135376
921865
97252
295034
200249
166936
159069
779522
487826
434257
359665
226344
625364
726171
465801
738274
33839
128029
34661
323807
663030
615279
412925
177226
158343
34389
345730
289405
430663
617959
82604
453421
224932
173828
237980
151292
183187
78135
14839
134409
511151
95454
481096
