160
100000000
54294259
14729929
12860735
42870502
11349128
2243370
19634847
33904125
50367660
25572692
569086
11093889
97740430
27711718
30370888
45705741
73782214
18698414
15380708
27561146
44645994
80365153
43020527
126664
14986803
14453623
15434184
211929
8455757
96352551
38747766
15107943
3647449
30909397
35658680
35475741
44785001
24329203
72288282
46231614
25604267
20314075
37681751
47290060
48166995
99843595
48683382
18493796
13187506
78086001
23425588
86851239
92264988
38434797
13040097
77645275
62209299
33857943
71273227
34057934
81506204
74427308
15897878
11661059
76206356
86446703
10801758
17187001
65942066
42361721
42412719
13355327
2129906
3816990
64009738
36297874
21082937
79685925
7412693
6245803
13090606
70564517
62975937
62752173
23555693
56979473
84892057
78499540
7771432
28726773
22785244
30144445
984076
64022959
48766056
23572590
75723825
3542848
29741
32727362
31374021
68529779
37790701
1504150
39038457
32044909
13148761
53313436
58363342
46577781
36683991
22354725
56565595
93754197
24515503
16130145
21500460
3154214
43486336
31309169
36430450
43512074
24276175
38915132
5338784
7116586
37247827
2686961
4026558
7418624
23581715
43434405
7735012
37572876
58080345
21913999
49240026
74314401
64524259
99015924
2329355
43434962
9736307
2259570
76574412
6650239
63316009
45763280
23668736
78917063
2119098
60297265
12325177
59740163
72506280
26217786
51833005
41919655
33691088
66095875
