165
100000
44681
17958
61059
12101
51007
5244
25561
38865
5795
10756
5276
49094
65831
14235
18075
10531
82776
42258
8421
33942
38020
27748
792
37826
29312
35094
33871
27938
67512
88623
47139
62174
46512
59515
77538
18586
17175
7022
60936
99151
38942
41568
24107
3402
64686
3705
10499
82641
28
50352
61058
41955
53884
13877
4284
54064
44002
10722
74439
64637
15689
52861
30038
26944
24706
54485
4468
77146
11377
2811
54401
82229
1638
80564
849
55998
22462
2259
55537
16616
72127
40485
17582
45288
44631
57733
9801
32488
53951
52475
22854
15288
21003
34540
2443
46049
17359
64657
26173
10402
24147
13524
49648
3542
9557
11976
14413
48820
8379
60383
43763
1687
66126
31101
35343
4834
10003
34877
41044
86123
1485
35363
28919
27440
61201
33136
31506
16183
36746
63833
30684
5932
43472
9975
44498
3027
19436
39589
7687
38779
96458
94068
41374
39064
95716
73827
98362
72062
16366
68631
11389
17566
18467
43931
42611
56528
11556
36945
43493
5684
44251
21878
75294
31369
75720
