178
10000000
2537343
3958724
5669518
509662
2221885
4565378
1072753
690085
509933
788413
5195354
5877259
1312114
126030
315710
429855
3551893
318464
2479853
3056809
2419501
4095396
9490338
454047
1119923
2172635
2842746
2397987
969840
6183409
2074712
8476356
3981722
4546879
5764400
7997585
993407
1425372
6679986
4919389
5783937
617085
2896093
570431
2451443
5913308
8306225
4754542
5133921
1996611
1308692
6167758
6132397
5245458
7103907
1485722
6751362
1222527
488438
2537117
4231107
1105734
752305
987152
6853265
2858632
8514278
3869893
1264109
618728
4272445
6151628
4823781
7377903
489310
421654
53731
4617009
4086692
1990576
5677785
2601569
57057
2002415
2861490
5382991
7256530
779396
2302051
728942
7925288
4741621
784837
5080611
49033
4519611
1523644
3320040
8955791
1331
2411330
4783671
2697510
5634032
3284495
972616
3019752
7033549
5158168
3146735
6408974
934773
1521792
1057277
7602013
4143576
7970523
2080807
343593
1500695
5185766
2380226
3976037
8070492
786811
8942723
1891724
3514172
669331
295936
2791806
560224
1363181
4295373
3591026
4804646
9545953
5244567
2361424
856473
1459046
4235600
1075047
1166224
1425238
158912
4866079
1541068
2254160
3848372
7548557
713137
4189939
3747863
4279255
9330669
1468207
4326661
4171143
400212
4814234
1114810
2068010
8885190
6032776
7637245
5120207
758158
2107635
2133099
1214401
1171350
5768893
5828857
5480389
304113
849977
719891
