162
1000
83
88
705
127
21
8
501
837
615
8
93
371
504
472
1
35
891
431
598
555
288
427
291
225
759
456
312
148
294
421
12
155
652
548
46
180
917
542
402
730
452
619
407
25
478
742
968
444
21
356
487
221
306
44
140
515
917
111
538
510
198
40
738
361
539
111
130
8
368
563
406
17
80
965
566
270
573
4
162
1
495
241
482
324
557
810
522
493
458
383
660
437
617
385
328
970
83
262
24
365
89
32
709
845
190
462
233
374
429
82
310
381
25
108
128
30
86
486
390
437
50
169
256
99
838
83
62
339
40
339
52
233
147
340
852
461
97
322
252
775
319
779
514
918
566
678
261
642
563
358
358
903
434
676
249
417
97
610
107
498
117
258
