152
100000
6308
59902
78014
6818
75856
29891
13187
73150
57348
33669
37321
5696
10023
79968
77591
3006
379
96994
67813
14886
6238
20860
26850
15962
38386
2819
18257
12614
32828
79140
21020
51851
40826
22033
32124
31874
21999
93762
16163
15598
53395
28375
5064
81743
93981
91062
87041
12090
60437
29516
93505
25280
450
15019
16779
84206
7254
69340
40659
11058
67172
83837
68178
68
41
71625
16492
63430
37463
58972
18740
17451
6135
8938
23520
82549
3677
27626
30539
51900
14935
78001
77967
966
69024
478
5146
16172
2901
62679
16424
99344
97181
2296
4650
68126
71632
6237
44633
30792
99105
7323
47537
67876
46408
70928
89977
96323
38588
18092
13270
46816
23694
84881
895
54325
49217
63197
36424
2306
16048
60404
39563
83997
6019
6495
84981
10489
11804
656
83952
27490
32342
30077
14005
84603
12959
72510
70389
9262
28368
33335
15794
4197
50783
15119
87648
40030
29072
87386
12352
37474
