178
100
26
40
57
5
21
46
11
6
6
8
52
59
14
2
4
5
34
4
23
31
25
41
95
4
12
22
27
23
9
62
21
85
40
44
57
80
10
15
45
49
58
7
28
6
24
60
84
48
52
20
14
62
62
52
72
14
68
10
3
24
42
10
8
9
68
28
86
36
13
5
43
61
49
74
5
5
1
47
40
18
57
27
1
20
29
53
73
7
24
8
79
48
8
51
1
45
15
34
90
1
25
47
27
57
33
10
31
71
52
32
65
10
14
11
77
42
80
21
2
16
52
46
40
81
6
89
18
33
7
3
26
6
14
42
35
48
96
53
24
9
14
43
11
12
15
55
48
16
22
39
76
8
42
38
43
36
13
41
41
5
48
11
19
89
61
75
52
8
22
22
13
11
58
59
55
4
9
8
