177
100000000
27919542
60149055
8968516
89195411
43535949
14806443
97568191
2731758
20650905
45172632
53867025
9637304
16170006
37624428
31066196
46417024
50334699
1755848
10460462
16422800
3402251
43086045
53570497
10256778
1131352
6830651
84542447
72080458
5172652
21904952
54026710
89433455
17998521
59539795
5369336
46718287
2006638
24507681
25174762
286642
2064855
35484798
22675340
52346751
84916794
35711349
12317098
7269469
33840212
22902672
57637371
2739455
13816453
66411521
52886008
52736619
46270340
17303526
24448596
28654123
47113992
18149638
16297413
42429720
27172100
2503286
90362696
4647258
67977560
62957500
43293898
39340802
3046930
39400338
73111806
40460205
13701705
5567927
84541874
39389250
24157623
4799362
10615549
74820029
21715542
35629175
8063259
37892092
29544554
42005987
36250059
60659198
26067142
47444948
56513329
51318753
15978849
73839015
37042500
25179971
49665301
9756576
75943222
37752226
47477808
14461383
584601
1741750
378845
40313639
54732963
42448846
59686361
13465042
1649290
95508634
4491366
39498598
15458126
12221709
30907636
40402424
42677599
44173777
39341037
27233652
64370825
7378007
47263381
40536096
9016978
62107908
43002066
19516864
56500857
61624397
39850945
26911635
32327275
85538617
8683620
86183547
7236632
36052806
2431809
14627437
8798572
14647698
97268242
11821514
15531406
55859601
1528482
20360540
24056778
10452706
32022440
17037394
45400291
98258250
17137679
635680
3837890
42362629
62335934
12523
46429503
10799479
18422820
43113320
15083206
11922110
33588479
45951964
62290885
21237924
53729660
