160
10000000
5280871
1392897
3407471
5236342
58144
6555686
6954310
4914541
2057939
389430
255812
6869925
6716777
807185
5793258
1436995
4167814
948863
3179710
4816640
5085459
26812
8477933
5001130
6987693
1959485
719258
8535521
4362293
1806829
1525354
6527715
4860771
2681147
7092978
2186609
7770372
4025357
5637707
2954090
5980301
4240466
1953353
523385
7658822
1479297
526165
8770728
1522067
3283223
3858328
3771586
1229272
6589946
2505033
66386
826085
2489958
4893009
7080224
9235074
829434
381720
4788048
6416565
4730949
2583
4015764
4735842
1354544
815178
3201715
5919876
376349
3012670
4490683
7042338
348414
5269051
5139229
38674
1299707
7642340
2036911
9941856
2706919
171689
2723813
9961326
1590166
561762
178899
1370574
1086205
9173915
3130075
5854290
1012528
3040959
4412732
2919776
8046647
2943277
6521554
2301488
2256532
1408797
213374
727593
8646088
626319
6471774
5759534
764926
7045910
4337195
614089
1815013
2126927
208000
2907022
1649193
5813189
1464479
5233342
4342780
3943369
3012307
429463
9821101
9170566
1522833
4780083
405875
3986342
907739
3040997
6228414
2540402
3478446
9380322
7698512
1559756
616308
7318853
4947377
550737
575735
6368448
8465564
873067
6609488
3043961
1407403
619678
3528226
4501886
5264158
7873073
9610570
