171
10000
2202
1754
3890
960
3610
9040
7870
2676
9731
7135
1660
3305
7622
3163
1912
4097
2381
2844
6473
169
1813
355
168
4321
2
434
3
9964
1189
4257
4801
413
398
6992
2144
3269
6837
1063
5199
99
5749
3004
2551
238
1316
1734
3016
9566
6984
434
4112
7855
915
4980
2311
1895
4975
7383
7057
596
1305
754
2978
3694
832
9463
6996
1547
488
1147
4173
7177
3049
4896
4330
2653
537
188
7513
4645
815
9456
1340
5186
7689
4391
2707
450
7120
5903
2310
685
1465
8798
8159
2130
5179
296
1155
6306
1642
2223
3286
3278
375
3201
6722
3082
1289
8088
9085
3365
3422
36
5609
267
897
3312
3058
1913
4873
737
5025
2568
2865
3426
7513
5252
3188
2145
5670
1043
2467
2124
8812
7526
2373
6951
1237
2165
27
4735
1563
361
3462
4746
5531
4649
903
3649
4165
1304
4821
204
461
5679
5835
2617
544
1273
5247
4773
880
2842
1202
1841
3162
7207
6898
3611
907
