167
100000
93790
90168
50071
4139
47644
15383
41749
18839
58791
41102
13154
19760
13424
91382
76152
86825
63264
30633
15977
3458
22202
27459
6210
5980
6685
59011
23780
99104
3890
32070
36736
3306
770
26615
21276
37515
2838
19692
38224
896
9197
56358
43642
62485
70120
6994
9074
12672
57166
24704
65206
20122
95537
65126
19976
84617
51942
48852
88471
41209
65152
75561
14754
48099
68096
40888
27579
99946
59112
54
16651
53277
5009
75296
1587
73609
4463
42834
2688
27491
9100
38415
3094
1
21644
4747
21896
957
67930
3022
50453
29569
9707
38932
26527
23778
8618
25213
4705
25411
7269
23320
55615
14816
90921
29880
44541
58719
12537
62747
38351
76220
26377
31925
11284
6057
73623
38342
35102
43249
96110
82782
38773
80308
7375
47774
13175
40989
11529
34697
48652
14913
41540
15034
46792
49398
18090
38582
27733
41430
22645
31528
31754
5347
17833
13043
300
10945
28722
53445
50156
14182
46445
6653
53555
25935
58898
72267
49547
31904
65392
52971
44941
12454
40877
26932
55459
