171
100000000
887301
54127887
28629941
9297851
87416590
12282809
11680180
10890350
97005489
35012658
40040254
18158232
26332494
9026878
35436059
49756823
24601218
40270096
20187822
69314863
59890716
59237298
24698852
22298892
71370059
84024395
86689817
12436767
27916809
68187073
7246629
58940964
40109284
3447498
60065357
68834988
20132747
72511055
25477819
3079285
28483289
63039922
72286265
5701087
38228860
5562524
42715505
41059036
30817495
16113283
77464413
74065080
114318
11942378
81223794
3986477
99112699
50662862
47316279
65165188
70220008
45872113
51960239
27713735
62480779
19500161
17155310
13281225
878326
32867705
18957687
47216442
57560563
4988172
66838327
36191947
36030679
1964683
2994511
28695546
17014506
33161673
10618727
15975605
1032122
236695
85310740
11098524
30685137
29310647
27514404
16076642
58363715
79765405
14722201
24088012
20980991
57740713
21840577
40220242
37048457
47284615
11799453
62685775
87180605
31294264
6019961
80421883
26567474
62951543
62797672
36960078
12617139
45896
14043877
25202662
33390776
35711712
9638844
12819395
15546567
12514388
16920857
18449553
18776206
5517411
63851890
48039761
68763916
39197621
72083191
21328261
21325948
15976147
10148990
66313983
17419131
66609224
13589366
87717191
52026239
7503833
21485090
33686017
31580009
23502973
24733155
10280266
50520064
40762702
32885075
34583748
75618701
14689260
81865450
6793642
16912957
18637908
50243177
34834812
838021
21480272
36148110
42615031
6727725
30131773
15122801
82580869
28958
52616251
855139
