160
100
40
47
43
13
82
73
9
2
14
1
93
57
23
11
38
16
25
5
5
77
54
47
22
20
20
57
42
47
65
21
94
3
21
18
31
80
12
78
5
27
36
74
74
16
53
35
36
41
72
4
74
1
83
5
95
16
32
14
44
2
84
1
26
53
11
28
53
56
68
86
64
16
20
81
5
10
6
5
18
2
3
99
23
24
1
93
59
6
43
53
46
25
5
85
3
14
25
42
65
19
58
19
100
43
82
11
19
47
30
11
26
18
26
19
42
44
13
20
37
46
72
7
27
1
49
64
82
51
53
34
81
79
7
15
11
12
17
44
47
98
10
80
19
11
78
24
84
14
73
73
80
54
22
54
12
1
9
18
34
17
