151
1000000
614826
716780
330259
148733
986016
741862
252362
544243
693013
23662
121771
117540
459590
802688
256324
995345
400309
511518
133106
852865
160180
211170
5388
827752
743676
31892
230269
154122
218421
17100
509469
516019
185
176587
839820
860292
166005
490531
157383
603811
242067
43065
407804
46584
812918
708078
97238
251578
57716
670736
458621
966105
17549
73402
295554
483981
33895
370030
118094
837517
346142
390719
158695
982451
44816
627447
362588
589482
866894
158314
317994
541379
682006
540410
14415
704446
851267
100423
709113
187082
748422
372553
774185
10261
431310
137777
594339
473440
683005
699121
103041
85727
536034
161979
463966
291922
674741
4655
769731
423
162483
157325
13984
120233
98476
271939
955184
578522
134135
43073
48485
899577
99824
340100
566216
982900
283220
2714
108275
879767
278675
243571
823413
670090
182004
606360
865865
543133
230569
817996
451320
242402
379786
47498
11142
769431
300879
287183
591046
93848
139708
172248
599691
833995
63416
329910
64633
147135
658268
827760
172462
