158
100000
54318
7341
26569
12243
4109
14699
16344
28553
64324
39
19975
25995
61762
10491
43321
38037
18496
33976
78737
38629
52956
178
47386
56084
44536
72901
75563
10802
75785
4656
50628
61371
21883
84763
45009
30037
7501
4203
27099
25943
14497
44056
56305
52905
82297
42483
26438
71731
14291
37504
53782
79110
2079
6412
20486
6907
85986
45482
77088
42655
29831
18195
15042
32577
14014
5572
34771
92442
40886
22912
42553
57447
97344
145
32801
38416
6802
22294
45682
8348
5138
38597
4989
30813
95088
2957
13413
93722
68580
55120
977
31996
60573
61403
35676
15905
24437
95011
39094
47044
61964
17551
23403
31789
38397
41036
7558
79161
6772
59114
35434
31776
66634
2656
21351
46218
20890
73431
21263
73082
20839
17461
7736
45310
61963
9782
6278
28269
2467
29404
52273
44592
73806
32790
25305
31420
36279
44880
12091
63262
81504
78117
56679
77706
1109
68004
88632
19196
67199
11368
18853
4912
9367
55944
99855
83936
15886
17703
