164
100000000
36289552
22572172
63552947
15039163
33466540
70803520
78683338
55996125
18080540
25496609
51119053
37771688
2061974
8387877
34875461
21755395
58093326
36447053
27242179
21492739
37081012
51677433
17136735
37615225
91442817
9496949
6654946
81701572
21082687
18298428
86457953
2686550
33998013
56696019
42613407
67083793
28738148
87393106
79551320
54423898
35994534
8557183
54030529
6619806
66533460
11555394
30854233
12634826
5468058
47136183
49818700
95665366
7499696
24465452
1762047
6301465
52840436
10325397
1670392
25549756
35656804
60120053
2451644
23142934
4334634
1638786
77427828
65208259
39241841
37568056
12606894
48787830
57336707
26867140
61153084
8631726
63205442
71261852
64343196
40966968
20095338
51870061
41906674
34791741
9170443
60487533
88444606
29649906
13622229
44889616
44473014
45969471
13254478
37589941
2184562
23817778
42823650
44259494
49670327
92418570
66001987
19212604
3735565
15205612
21316662
15785484
75034726
57262721
41305158
70350094
8383819
55110384
18071200
19011395
28521519
62228312
55740506
59217036
39420629
35397756
29698896
33999257
3524598
98329608
48630783
11218977
13962711
83629609
4769765
7945671
20448680
18034718
13274890
75534548
38354693
2852847
36708143
52863817
85203215
15311204
3448367
43074456
42498831
11780000
42209170
14796785
67448257
31444316
20975025
7581430
27128771
22645239
26120465
30078436
72871229
3885413
17830006
68895104
51782796
39855614
5378702
59033032
66525
48880947
