163
10000
6823
1673
6041
4651
3959
4365
7555
3364
917
4795
254
2619
6728
9580
186
3155
2048
1832
402
9466
1607
464
365
375
3930
2
1274
5020
4779
6139
1156
1262
9879
420
8835
2679
337
1052
1194
2042
6059
3037
2924
879
6845
5288
1350
4941
7958
4554
5149
866
5306
5717
1655
2644
5374
398
1771
4043
121
8345
856
3156
3965
4001
6025
3670
8738
5945
2220
4140
4008
3635
5490
6718
5680
6622
3428
3282
6070
1520
3716
3790
2032
2925
3418
1024
4013
8353
767
5541
4028
1481
4506
5422
7952
3378
7990
5987
2614
1214
3412
9144
534
8933
4302
4980
5972
869
1842
9745
4075
255
361
2976
3483
5494
1647
1640
3548
5957
804
4626
4619
690
3035
4017
179
2631
4483
2724
2010
4707
3975
1067
5205
3259
627
3580
6461
5925
6963
4578
6728
821
2317
1126
455
734
3615
1016
9999
1899
5517
3933
4372
3229
3272
3331
1
2108
2425
