165
10000
5004
8454
99
1543
851
851
2738
2324
4996
5460
8289
8079
4336
7185
9204
8025
7853
6
5590
5500
1564
906
1216
2022
1016
2942
7496
2113
9778
595
5914
4086
3350
400
2363
1709
943
1144
8483
2117
3477
3055
5774
852
5222
6047
1576
4832
540
3953
4175
701
7572
845
7246
2183
4224
3839
5897
1672
1637
2555
986
1085
480
1366
526
9
2251
1495
4306
1770
4057
5537
2372
2994
2487
2191
7551
8617
6161
8690
576
5853
128
5943
2674
1318
8980
633
7621
259
9149
1485
8222
318
8482
4013
4778
563
5002
985
1383
632
5375
1975
1098
3448
1667
2147
1577
4063
6401
780
4751
315
4540
3599
2835
190
5057
7262
104
1578
4322
1310
580
222
2431
1921
7
8902
709
8160
797
5186
4784
6299
2876
1517
1620
766
4985
9682
3315
4603
3982
5776
4410
1711
8658
7535
1518
7513
9291
3918
1252
3571
1840
796
4147
1488
7326
8230
4936
