171
10000000
8547871
587174
2921081
1909077
891128
2315128
695034
2307107
812165
837270
7384682
6712901
1430576
951989
282419
9647974
5254992
7225049
5193263
4636410
8100076
8248618
4603444
2386004
2555149
3650248
158936
8961025
1452129
1430954
1245498
1702370
4781039
6067333
1956015
801371
1566128
1458265
4331395
7620387
31790
7720365
603984
2628735
321361
225623
4900866
8754502
9690992
6173854
9412826
3110669
4286420
6147161
1929111
3878431
4283064
4597168
1546706
85618
1460447
855767
997536
4093812
3287099
732821
4734121
4309016
4347737
1153977
7003300
3852839
2733809
1717751
9678639
5547117
1992248
7371265
3103526
4452883
2997016
2036973
2774951
4317283
4601461
1053799
1978126
7054773
4846203
5531428
1848777
4806737
5716687
8027685
7824231
2419988
9962580
2945227
3047111
5652263
483906
3473188
1664084
8541735
3826146
4254192
875942
307117
654641
4462
6526812
6774931
1478799
348802
338209
1998589
1268364
67465
9016592
4852389
2228041
1620263
4387967
309856
1659966
1229922
1899924
2396783
3225069
6934743
1346954
1148530
3689560
9914382
4909105
8243043
2419522
309008
6515245
9661065
2893388
2225931
4976540
6952889
1837560
8453294
87298
473132
37420
2279635
2996700
2433922
352026
1269803
2679612
5690984
983408
78692
1864492
1972315
7093509
1214633
2209490
4133668
5584678
1038975
6361908
338935
53664
2161465
1646792
