155
10000
4715
1548
3512
5418
3733
4542
1070
1431
7631
7608
3479
4613
2885
5387
9437
2196
8794
4804
1835
3703
2143
3128
8165
531
3559
151
1711
3688
4917
6521
3928
888
303
3659
730
8224
2006
5
3425
4852
7047
5524
899
4396
4260
5083
7205
5458
5287
6441
1788
1776
8958
4247
1618
3420
1042
7757
1723
5063
604
1873
927
6467
2954
8127
2953
1302
374
5579
7046
5196
6729
380
2119
695
1242
7994
398
450
270
5326
2171
3746
2008
4434
213
287
4024
54
5152
4104
4258
6580
4091
3630
785
2551
6433
4333
6254
2524
1967
5440
6267
1995
1338
3084
6434
5214
6072
7857
1862
563
6370
7099
3257
8758
9697
3966
6492
570
3047
1543
6953
2387
1960
2665
7483
8005
857
2266
3291
3325
114
5742
4263
3533
1173
8662
4713
6189
1493
6034
1995
5753
4421
3567
5265
1770
1206
4848
1447
3674
9550
