154
10000
4002
910
9281
7100
820
3497
7937
4768
1138
6790
6511
3979
8690
8465
3155
6385
8253
8437
1666
1829
1000
2116
2
3392
389
4197
3615
1310
6734
1832
1572
8862
3210
1231
2257
378
375
2096
5302
1646
5632
863
316
3248
2170
2671
8999
5881
1638
3507
2873
75
5505
719
2777
1747
5106
7830
8334
405
957
5010
4169
6021
1001
7525
911
390
7658
156
2063
5232
877
4698
1407
1802
8501
7495
3517
1475
1281
7118
1245
3946
770
9625
5796
6429
6956
8198
4080
4304
4368
2113
8868
1563
7605
754
5515
5738
1215
540
1189
8489
2256
986
4119
5691
4495
4803
4599
9180
1841
4204
3571
9984
5696
7338
3494
2898
2
1535
5092
324
6845
4313
8342
5286
16
1658
3266
4217
3859
7617
9925
1927
127
1390
2106
2875
2086
3489
8576
6054
5012
1511
2299
4297
1184
2475
4908
830
2395
5012
