167
10000
3042
6546
2307
5318
1936
2596
1331
8064
5272
6979
4014
1844
1909
2280
25
4732
2905
426
4682
367
2672
2802
6772
433
8352
6182
9465
2060
4062
3180
2377
466
5554
2382
9222
2630
4113
5423
9153
3818
2032
7784
1517
6075
1880
412
5356
1816
6262
7260
579
469
2431
2771
801
5851
4255
3591
2466
2664
4412
2378
6409
5745
9588
1553
3698
9423
2442
5128
3925
871
5879
6302
7222
3182
3872
3021
171
778
43
49
4757
5938
7623
3139
3220
9531
1534
2108
7750
319
6050
2946
1612
1648
7229
999
5251
4872
1555
1617
2662
6961
2270
9951
2609
8282
6447
806
6828
577
4556
4845
7290
3162
2219
2979
4672
1462
336
2126
1718
3677
1425
1133
74
3172
9969
5278
412
8575
3438
753
2250
1714
631
2537
4863
9829
9868
301
1692
709
1949
663
847
2573
6029
538
1484
4644
535
132
3087
1272
5155
3189
2333
1566
2089
6
3077
583
8483
4865
89
