163
10000
8785
404
5841
1153
3832
2194
5640
322
4033
1507
2613
1499
424
9715
740
324
735
1279
4160
9985
959
477
4642
7111
9773
1083
374
9868
13
217
9296
285
530
3337
1017
874
746
5787
2685
227
5372
612
8347
3698
1919
2518
1287
316
444
1872
3920
1638
8847
4516
9435
303
8034
5389
3652
15
4337
5642
6154
180
5793
6095
3613
5212
552
2219
5548
7047
7
8663
1250
7781
2113
1653
4074
1215
6387
4360
6725
2828
133
5355
4776
1624
8894
504
4700
2008
483
9517
5080
4900
6080
4788
4208
3295
8878
825
4464
2747
1178
9260
7878
2182
2632
8713
6118
8480
749
4058
1400
5915
623
1966
940
4161
2365
72
132
596
7222
6929
1106
2122
1927
104
718
4239
908
3297
101
5839
7705
5754
9409
6705
1092
1706
8136
5454
3104
704
7482
2954
3709
3275
4914
4645
1769
930
2295
9523
6775
1864
3057
8822
1198
2640
1122
