156
10000000
7200615
2139043
5909527
6268036
2501320
5621191
2306827
9778425
7561815
2204453
162791
4616943
6775604
4610095
9957734
2474861
346505
1158068
7498771
3156013
2856590
4988015
693721
6353080
3157063
9347684
2799385
3321491
7498680
8953354
4800453
6345591
6512456
2989952
6472880
4370808
4986936
369715
4695894
1614696
4742302
773765
4702821
1325778
2433738
5722073
1410397
42266
372453
5801153
1064304
4588196
2248876
1851892
2573669
175226
7566262
2029051
1851689
579286
222878
3644164
2457198
5297179
1655003
1416377
8837927
822845
2571360
3487544
5978515
1088988
7758966
6843987
96327
6449689
1446881
7755426
3997772
9467494
238051
3307904
8931355
6098584
3117118
7755799
7693173
4283537
3405806
671472
9560630
4107478
1426555
3797108
8296148
1025701
615510
4198847
1569393
1838387
7428640
3759608
1369271
3311954
5383057
9824774
2244574
9995133
950319
6240392
4119302
2611598
5347066
4021485
3096959
3565104
5295707
3182296
4652934
3646920
4072873
5199547
6230813
1068645
551231
4326711
646794
4378809
5013064
4704293
2770064
3058623
5673289
439370
1179897
221575
7426331
1021808
3769187
4867
2212438
652316
3527120
6394538
1359047
919247
4775
9177155
402647
5197768
162667
3883547
1829757
9627547
673341
1703852
