150
10000
3800
4794
1883
4708
2037
6463
2235
4766
4676
8462
8074
3076
6304
4224
1152
433
784
902
2926
1592
726
6078
8326
6082
6898
7040
339
1995
4513
1505
92
3473
5079
3941
8275
1618
5487
3880
723
3946
2653
7422
7765
2591
3631
385
2578
3801
810
6304
2334
7871
9814
1738
1157
2445
186
255
5036
215
2137
209
8495
887
6552
8472
8408
2216
2978
3696
2960
5161
7338
8264
7824
857
4471
939
820
2761
3087
5916
5529
2920
1538
5292
242
7
9180
9039
1439
1528
1725
8084
3901
1674
758
8005
8262
6099
204
4773
3038
5234
9567
5306
6913
6059
4349
1736
1926
1916
525
8919
5127
6527
3198
9785
7080
6596
8122
7409
961
3448
2823
1808
2370
1541
751
338
4839
8303
5212
879
2899
2038
3696
5152
1973
7177
4110
5324
1679
3915
2908
5227
1081
3984
7292
1995
