162
10000
9385
3188
7455
4823
2
6797
2114
2880
2521
914
550
601
4548
2685
9103
2992
6484
9103
5105
8039
3849
2145
2545
1128
7742
567
6454
7909
3869
1451
22
2684
3934
1630
1394
1627
5638
729
1804
175
2926
7856
3614
2258
3021
666
6581
1273
5142
1147
8647
1809
1342
9271
6985
3192
615
98
81
4208
8238
2328
2748
5177
1733
2610
2221
5876
1969
702
5298
6942
4663
2814
6505
8853
3015
1353
1123
897
2426
2059
1496
1762
1177
3613
4582
4000
4645
3209
7038
6008
1760
4858
3419
5064
379
1694
3574
9813
4372
510
5676
1542
2192
5409
7113
602
5455
1925
1335
1225
378
1961
1867
1681
4415
9759
897
3495
9433
4621
1679
6112
4326
6213
2914
9978
750
8319
8727
2885
337
1508
2577
2552
4936
4124
2962
592
2614
7941
274
2607
7386
187
6131
241
1825
2437
9825
3366
5614
7120
5854
7074
2144
1766
374
2129
3967
6812
