163
10000000
3721915
86186
1600313
297180
4363053
9366485
7086733
602981
449348
6681142
5341992
3060695
3890487
423769
2325815
633515
8399687
4762359
179224
3318858
1803862
1831697
396758
5211902
6893134
3746364
1869134
2639157
2376037
1849359
219783
8150641
4926860
3049821
791929
6139983
779286
3614937
3997159
8655919
5836204
3836825
4649096
5714
4380324
4302767
7448444
2399904
5822756
4689803
3369708
5134888
212818
2189709
6002841
1591886
7360843
818963
3760218
8794834
1079916
9756
5157690
5415232
4295272
8742286
5619676
1644734
2054014
9045453
1579680
8168303
4285491
2434083
681994
2556104
9610986
8920084
3797281
924484
2174755
1007236
1550257
3438691
3621655
8646235
8744189
5571244
6022586
2179655
4052277
9604252
7443896
3820407
4211960
9949760
6561309
1093345
1257714
3792839
50240
5237641
7674185
5189046
1255811
3571686
2215584
1516725
2269715
238362
7308012
1867903
2231903
1205166
9173952
8580327
389014
395748
232262
1419673
1353765
9218642
972529
2950347
2002489
1669367
1590686
7795217
4878270
4342570
3596659
2263435
6253636
7261709
4658008
7382737
338387
1280299
346624
3238070
6630292
6152801
4129241
1772270
1583422
343903
3457292
2894048
4306630
6179593
826048
4534207
2249320
1738277
2379814
1512916
1831887
781358
148385
1344081
5111528
954547
4810954
