165
10000000
4393266
690637
793907
3259483
3427535
5040108
5213429
2935134
6324656
348350
48226
1752901
1829200
6771458
745932
3101406
401326
4901537
5054278
2090542
6908375
5926082
6181528
263750
1527474
959873
2789438
7839083
1066095
2324880
9951774
469349
965473
3106282
3258711
7250012
8922889
2444342
1612652
6404488
2227315
9651650
1113586
3282305
2467186
2421582
4380991
8472526
1077111
127136
714100
2033235
8080485
2505
66940
767578
1927460
485516
329858
1511125
1073868
6315436
5034953
1063076
773405
9309363
75768
680451
266442
1453894
9254068
4072108
1865847
8072540
7064866
7210562
2123110
1803395
1736724
6111698
8622664
5715444
2720665
1399586
4580535
7868208
7550446
7868160
6213240
4811355
116921
2463420
1366131
2925488
2625150
2092093
7578418
9034527
511010
946593
4964794
2051356
2929540
9488990
7966765
300627
8263276
609386
8107220
1125608
7466832
2874165
892195
3599705
3684564
3837012
2926277
584212
7374850
1034529
4416092
4284556
8600414
805342
1251329
3595512
226271
7420053
3248536
581032
2696029
1023950
3091625
8617209
2119696
1793704
2159896
2693009
1892780
9733558
4622362
8976050
7107724
1171919
3460706
379357
4657632
4537026
4247585
1302666
4550336
4981542
1038016
4767803
2533168
5188645
3903373
547891
2131840
412970
305697
6087819
4343109
6769833
8834756
