158
1000000
160620
800261
661707
227794
360589
368954
233827
75096
887958
138129
90460
698784
641871
531540
141838
340
422503
759254
840630
856091
61758
504826
191349
137451
772206
143909
25860
639411
159175
249260
345117
104304
649452
984968
200153
223161
467522
18385
246082
331658
908712
789171
36619
204
159532
52448
159370
294857
182122
668342
126397
465479
193688
327781
301216
815984
981615
147578
137954
919758
333327
2386
361423
627935
80859
31183
924904
851941
329188
117596
314504
312634
835859
210829
495174
652695
385330
176222
64794
799847
77990
63067
276801
100162
705483
164141
490033
36277
346697
823778
419983
701379
737899
83900
108162
237681
15032
839380
1894
372065
285899
262101
165852
391109
300492
700149
579813
148059
899838
2250
191931
182136
368129
256028
523250
985905
358129
895696
14095
60517
862549
366626
423012
714101
996720
498806
520981
25319
419181
376989
687366
294517
534090
692939
365749
898875
421026
21360
259500
936933
156745
91288
302016
80242
175562
75592
3280
197489
682214
101125
229019
153956
939483
204127
139292
666673
302184
78182
