156
100000000
55427469
94010977
34838262
473392
29378520
91744225
35215062
16727430
31952294
5232502
57916
62724184
99513646
32153284
5254128
26562451
43681154
37875534
49466309
66505443
37915374
31951211
50405323
72821268
55833618
50533691
58621293
18053755
70621480
1710279
12104042
40887012
28087754
37275816
20130714
51237402
38365010
59559984
13713126
24565618
42970181
33469422
30245601
29444402
14493258
37552413
10603789
32627965
22197048
44597783
25638790
81525403
38629726
21604759
228635
40265494
58560847
40440016
66781551
1756652
37527831
65735409
19256925
73920156
9057234
74361210
13455450
73379633
20324300
55267993
11577703
34729429
61634990
15481426
41572842
41961982
48176024
12479441
58427158
60263545
49792571
27703780
25234277
46832752
19459808
32226568
78395241
76457719
4622159
1774603
54928825
98884552
1151629
15121127
21237454
31093133
33218449
5669091
8255775
23542281
91457363
65161738
80540192
25371550
89396211
62588527
45970047
42651896
27178732
23598905
3506164
23684023
5989023
45850658
19781431
20560531
23360360
68048789
16349932
42740119
47686966
20297979
71423423
12039923
30832505
75434382
1676042
47005946
1115448
17420990
62447587
28139953
69167495
48130160
486354
26079844
7972956
68906867
98225397
59530810
54875230
69669624
25028775
33676653
15007666
18474597
3920478
57259881
36899105
39736455
70025316
44166382
43420902
30330376
36374146
52313034
