158
100000000
1857227
20022243
27684017
31471826
32273456
40912285
81154716
54389701
36332827
21093421
49745874
59719044
74747349
59590570
99585886
27797030
28288381
93747111
41877832
50740857
34633859
6252889
19885052
47679005
56896480
28707987
86321072
97149923
84911344
63667173
15502015
84712463
29474012
30862341
447900
31840921
80663530
15641568
53628360
63741677
1435196
27180624
2850077
11148995
10715351
14080991
21651544
33364060
24736962
19336470
10180936
13834041
23622056
3630357
68819585
71293330
28063180
95300566
5315248
4949336
89528035
59782358
3943607
65890762
6263797
13667653
70438
45078948
12236064
58924305
69137659
72202970
37907703
25252651
78906579
414114
17907648
10977491
789786
78841573
74161563
42809312
18255802
41886618
40344457
76377944
27702651
57855829
23349971
32115924
67726544
40217642
25838437
65722745
71292013
53372327
11574818
23855451
43103520
6363854
79779009
59655543
26752934
18913030
7696289
35735781
42952576
68528174
15287537
31180415
19463321
37953460
46627673
8726935
13043220
83840094
48082414
4699434
1580138
67884076
14454969
94905137
45290437
5094863
14224186
20220991
98564804
14530719
41075695
73247066
29878250
43994212
38551541
16637333
80954412
93736203
16219
14938953
42358999
9793640
10139320
65366141
44893298
34277255
76274758
33455158
14763634
40409430
28639370
32389710
28902307
23725242
23643623
23401546
10471965
9782452
29753846
10048571
