166
100
12
17
13
43
54
65
22
6
8
61
52
9
60
2
22
9
22
94
19
53
46
9
30
72
27
5
39
3
3
33
53
37
55
12
29
27
6
26
14
27
86
75
8
1
26
82
7
21
56
11
72
39
15
37
95
4
49
37
11
30
45
55
11
10
98
76
76
54
44
7
1
61
5
64
37
7
17
66
55
32
33
60
21
51
20
86
5
85
67
10
7
91
25
2
6
63
9
21
35
33
41
1
11
36
53
78
14
22
2
23
15
23
5
44
28
19
1
6
100
12
52
86
14
63
74
17
64
61
92
54
5
11
73
37
83
73
36
21
54
14
48
63
4
39
28
32
63
15
37
47
11
2
14
25
10
86
14
73
24
2
57
91
61
45
30
52
