166
10000
2475
4988
2749
9328
9518
5433
1989
2071
7035
574
3329
8309
6890
1150
2487
4709
7
6227
5884
594
3237
5143
222
3227
4515
684
999
1413
2070
7797
655
2382
689
781
1953
247
6282
3414
3836
6216
6467
5031
3028
922
2680
191
8675
931
5390
2686
353
6432
2621
8011
1364
8587
1295
6249
8566
1691
3773
4116
6521
3997
357
2234
7525
9001
492
1780
2027
2577
7314
146
9292
1783
455
9292
4949
2551
247
235
708
3154
1220
7766
8712
1463
1567
1417
1276
284
2472
8429
1609
6148
424
4310
7163
4853
2173
5977
3928
5385
5215
3365
2715
5073
6972
3686
143
1571
1336
1174
625
1787
8705
203
6586
393
9125
3051
7513
293
7320
9545
461
658
2142
1387
773
4908
1057
2203
2514
875
5307
2544
1434
2680
135
731
7295
2421
3735
4927
3562
2520
2819
1526
2331
5690
8724
672
1325
8780
1950
8220
4354
8188
7054
4792
3800
726
3345
1259
