160
10000
2417
82
4858
1592
6091
5142
4064
293
649
7577
7267
6
3671
1366
2889
3272
6313
1625
4708
4398
8127
1397
6699
3909
7868
4175
2111
1283
7860
6215
264
501
2731
822
7729
590
228
3908
1021
3576
2775
552
5514
8783
2979
3967
2334
5825
8242
1704
9241
2160
6670
6859
1198
4349
3257
2963
4102
3100
1785
4401
8493
2958
4180
3141
2132
3799
6122
9301
316
54
1385
3999
2736
108
837
3939
6717
1419
1217
899
2297
1425
4616
246
229
1001
3648
8671
9163
2904
5543
3182
1217
3394
1731
122
5693
646
3607
383
4036
2623
3207
6061
5602
5688
4313
4879
570
3826
3074
2140
510
4777
9892
7651
1532
3301
1351
6174
9772
1188
5121
2328
7840
5936
2391
679
3547
759
426
9351
4548
4804
8296
1837
5287
6793
5452
8783
5033
1989
9499
4457
2423
1233
1731
1731
1329
6329
578
699
6224
2349
5664
8634
6352
1877
