164
10000000
3333641
5735958
9912547
6138341
3937648
3152875
4688196
79164
2880481
5407061
3200223
2101628
8076944
87453
25487
3277971
1287035
6015802
3531482
6280632
3834798
3966310
4723324
1524835
839662
7949052
3620770
3109775
7423590
1591973
3883764
2499753
9541081
1960978
1282884
156415
3763563
804245
1745336
681590
5484813
4741616
1776367
1448933
5849114
3595639
2691377
2763780
4507559
1591373
6236437
6658908
1809545
4786882
9971500
6789003
5298783
1136677
1230700
4323898
5038276
5328044
8357358
2243570
4150886
2082861
2276570
2878863
458919
2333849
3984198
447217
661436
788415
4515187
425360
7978148
705
269965
1899514
3174160
5982469
1321160
4572794
5039437
2107423
3786565
53153
4543898
7677266
8004479
3697369
403445
789066
6101810
4238555
1642642
1923056
2233500
5947063
3007898
1838401
4457902
4712920
2418867
8852707
2050948
1404095
1147293
1589092
9318410
4271807
363567
3953006
1443272
3107154
1928875
4963971
2216516
1579565
4017531
8984531
1342773
8100486
6634225
6847125
1399700
3530156
4701217
3341092
4234016
5456102
2576410
170840
1828730
9829160
28500
4712934
5017101
8636672
1961680
692837
5063639
6613206
8712965
4379078
1762748
3739285
1428094
1097825
4960563
1418779
1738454
5287080
7568965
4976693
2127395
679079
3111490
5620922
1363328
7673018
1015469
4886019
