166
10000000
2475520
4987811
2748713
9327591
9517478
5434565
1989109
2070547
7034737
573164
3328870
8308784
6889079
1149910
2487336
4708471
6575
6226509
5883698
593960
3236764
5142033
222981
3227641
4514892
685177
999900
1413908
2069147
7796048
654045
2383987
688219
780189
1952564
246363
6281451
3414419
3835153
6215632
6466477
5032981
3028180
921746
2680081
190042
8674602
932354
5391158
2686725
352222
6431883
2620174
8010891
1364214
8586092
1294683
6248459
8565827
1691216
3773491
4116302
6522359
3997281
356373
2234846
7524480
9000100
491743
1780515
2028698
2576085
7313275
146361
9291929
1782583
455381
9293131
4948163
2551959
246354
236159
708071
3153989
1220625
7765154
8711273
1464376
1566656
1416398
1276700
283554
2471404
8428593
1610208
6147848
423162
4310716
7162757
4852809
2172582
5976282
3927723
5384809
5216705
3364023
2716221
5072157
6971820
3685250
144063
1571407
1335340
1175456
624511
1786182
8705317
202715
6585581
394407
9124781
3050590
7512664
293828
7319919
9544619
460515
659695
2141746
1387729
774275
4907774
1056142
2203952
2515518
874036
5306916
2543415
1434173
2679405
134493
730282
7295671
2422702
3734806
4927843
3561387
2519665
2818902
1525077
2330820
5689284
8723300
672409
1325398
8779375
1949224
8219485
4355677
8187077
7053143
4793211
3799232
727389
3346704
1258393
