154
10000000
4327670
862930
6607528
394857
1570155
6057674
179253
4568497
1930936
150331
4222209
9605143
8120756
1839364
5780993
7276783
3687817
222411
584678
1652210
9883979
9825566
7749
3086877
5842612
4340248
2723217
4393438
8518327
9122990
1648862
7295268
2745275
3598378
116021
2619206
4139942
515069
1956557
1720571
1859034
1045242
4207524
1168291
3095534
609776
6574171
697529
6312183
2047292
490621
6624100
5700024
8347790
300727
4770498
8169848
7952708
8049269
401574
3238195
5345967
8600799
1132130
3311115
796576
1129045
3258613
1659490
1685285
5003390
5396690
3495318
963081
2478255
1127012
7621205
3848084
1399201
272536
171536
4403192
536699
3037585
3011585
2560434
5672330
2954448
1959025
9390224
9564661
1278934
1217623
1879244
2669789
8862270
4679027
2927019
9036919
6670047
1206152
2764324
5807153
5433797
870812
5229502
2502502
9828464
280366
7439566
1137730
9086950
5938263
5878457
2378795
2627569
1878959
9038010
5792476
624000
4449920
4566203
5860058
3899120
913050
3122098
4178689
961990
4654033
4111722
1481673
4195359
3028343
435339
1349759
6173816
2182778
9463301
7521745
2655693
5606562
8721066
2076070
2969605
4919399
987664
174434
5709025
8429845
1314757
4679268
80434
8831709
8140966
