175
100000000
53667034
9968200
87261451
48576003
22408924
5489820
9831876
43001860
17241222
58231610
5765859
61642681
30755685
26968165
16983686
17011548
7543560
70897783
40571090
1493712
68096043
28525443
1942262
47860238
33154254
46710301
8318205
82988452
67199405
27989798
7226426
53220
96453168
12368223
25361258
14055807
79864423
33451440
40425907
92869038
61095373
25869366
51641028
22393357
46648944
10775634
22903802
48975182
5356816
57009482
34327486
82946670
38904627
9738824
11837428
86905381
95116084
18820898
90261176
71170169
45572226
21649580
50564354
1961315
22819678
63539119
9590188
34499566
25155452
22758694
26780684
60871712
10638971
31992738
32248963
32031331
82758778
90128642
32801590
16866150
21898936
2950154
94456960
12403308
58361887
12738549
31903957
77701636
182409
53044127
35446958
92951234
4883916
12166607
81496049
19903391
29157642
6326698
7814127
9871358
19215560
22817215
22272349
20135577
21409638
36532293
14459565
12747286
20386483
3546832
41311029
7900369
13094619
54427774
28829831
40975550
3906539
17053330
14090726
44600974
4062749
24683386
9782650
7430623
59268849
42291053
52347667
29102217
20397287
9166362
37390918
25527506
16280075
59428910
44796900
39054222
34258920
65743019
24765530
12927384
69424000
4080496
30326309
52674609
13958606
87252714
32763287
5041172
33999065
60945778
30092180
39736261
22298364
57708947
2282278
79613517
12628387
63467707
4808245
7048766
2149240
3224423
47336355
37949490
53934856
12164490
6523086
53289699
22278406
10568275
34074572
81793743
60896372
22330470
39103628
