174
10000000
740351
2569817
4206902
5014614
5541982
8372274
2430727
3187478
2274474
5360619
8397189
6517904
9899777
301281
1362142
1876172
7351809
2139409
2256914
3775866
55592
1545115
6399297
534822
1407194
233124
6655570
1711292
6828171
7008552
4379224
2911736
3306623
4639381
2007993
1851254
5150694
559797
1629252
1529797
1680670
1289565
7513681
391336
9259649
147099
2286186
1305323
1264962
7069801
3300100
6046896
8721001
1870986
9465178
1786106
161193
8556805
3911568
1584982
202489
8637858
6224134
2365238
912337
3482096
4918673
2186824
6273777
9960120
620483
4902350
7607204
4089542
1278999
1450596
3706909
2706800
8503273
4522613
773079
1669186
1485600
5557297
2707954
1945164
7084272
3185908
3329119
3936342
2177612
1100646
1769589
8799364
366455
3234501
6221006
100223
2470214
6902095
955392
927270
2328084
342549
7671916
7258502
171171
5132073
947130
2980220
1496727
3205720
1627726
2957103
39880
3657671
3359768
3097905
7033354
6670881
6322723
3778994
2817334
158522
5081327
4224861
5769348
9226921
9440203
1311719
2806038
887808
2195293
7804707
1425780
3792327
1928110
7265434
368476
1200636
432437
3643201
827237
1067144
2645670
796937
655681
254084
2354511
6693377
655725
2159672
1310778
1467928
39956
6765499
2837763
4471343
1373078
1078173
7306677
1256869
4867927
3677277
3171829
3992
378088
1112204
4276116
3876834
1415532
5401762
8584468
2569419
