152
100000
41980
41452
3166
33346
43143
10335
25690
27566
19199
932
73885
3498
58548
57958
33636
88933
17664
61409
82037
39899
12472
28009
1140
7091
51226
47412
16283
24628
48156
50105
18032
96944
98860
89743
34295
6254
63655
39299
29490
80608
24391
8933
11256
65705
5631
20316
24055
21683
56752
19857
69539
2759
17963
44073
45891
92462
51481
66357
11952
3691
2950
96755
54532
33586
24020
99426
45468
89201
29
96502
73537
60701
69361
3056
18244
54109
15220
2895
11067
12082
574
1578
42876
27714
87528
19392
26115
70510
82912
45467
37182
26457
80143
68437
89665
43913
6921
20783
48519
69543
7953
67735
10799
91476
77499
75713
18994
22501
29439
45534
78317
7656
44831
26639
24287
10552
11381
2546
42042
40633
57124
72286
31343
88516
8524
11484
33965
19835
2127
14542
23569
76431
65906
56986
41207
617
30639
56417
99068
3245
81756
20180
49572
17045
13872
31563
34094
59382
1018
30112
49458
49895
