158
100
48
64
45
68
29
7
15
15
99
71
13
15
50
26
80
28
40
47
15
60
1
77
38
6
33
59
1
9
40
26
16
32
93
30
53
28
17
6
21
77
33
3
59
4
10
8
19
8
68
88
44
21
6
7
52
78
12
57
1
30
53
1
62
64
59
50
94
16
66
3
65
41
26
48
19
16
44
23
70
14
1
14
5
31
14
1
6
56
32
87
11
6
43
7
29
19
69
38
41
8
22
10
99
53
74
23
20
31
45
79
49
77
97
31
58
57
50
28
36
4
92
64
30
13
86
70
43
16
68
100
15
24
4
29
34
66
2
71
35
51
42
7
48
4
13
85
5
85
92
61
47
65
24
44
8
6
42
8
