172
100000000
92738401
63776302
69738982
7424526
52844
34349750
18812278
3939949
20997207
98300396
67895663
33230589
9051064
22401822
79180697
10550924
32571647
6494785
50587886
2969774
8334162
30760271
702927
1583676
30577448
79375634
2360417
23950293
20624366
12474680
56245764
4884096
18319721
14854856
2803615
73945040
3794847
7084084
57370696
40647469
64410802
39572603
48293928
81627342
53571601
86985112
3877806
44122356
23383032
43754236
54785
93022971
92915916
42850272
82086938
31262849
2437831
72245814
29272200
8934636
72334014
9125768
20764518
36932357
7762310
32251596
35022622
57836795
29370662
26054960
16864320
54879840
5621682
21443027
27050846
30599836
94721102
16243527
16757423
15796216
83594006
8969768
27364109
7901354
23168234
69423497
32364150
51438182
14077360
10784312
32407461
21870921
57149728
52053019
55877644
13055464
22776756
12990834
35130265
6803926
22752343
35914605
9425523
8231756
27665986
11714493
5278898
19187109
10306363
1699604
18372658
42004774
60427397
21510972
11995498
51120775
47946981
85481892
5126598
31376281
78129079
58622806
92098646
8801181
61127829
7408987
41148889
87525320
67592539
25199188
5323198
41377194
64884846
41219471
7261599
13357104
11817796
16840090
8130792
31109861
19029617
53887304
37170956
15513308
68737151
4949664
36150392
10486601
31660264
96205153
32731024
32714305
9326794
22117035
60630024
39624473
17025847
60797261
83135680
44252818
94873402
90574477
17913062
6977029
19601846
7172725
81680279
11073909
2293528
24347883
97639583
46112696
