152
10000
3
2612
2454
8864
796
3993
4114
1761
5740
4488
4738
4007
9462
408
1497
3826
9844
3377
752
3710
2729
9334
1396
1850
156
5051
2798
1921
434
7454
1974
5512
9297
3076
4974
1813
4362
8194
5413
9953
562
6572
7388
5618
6327
9131
2310
7624
53
475
1192
3968
5026
535
722
5262
6623
2377
1333
120
1897
704
325
6924
8736
8471
6318
7335
6007
2404
869
5712
5596
4404
2874
7222
213
790
2612
3824
2376
9602
3673
3332
7596
1264
358
924
1370
2473
5993
3097
47
1806
5112
8911
3320
5025
376
2546
3625
825
8079
4330
6176
6545
3125
4761
9545
6164
8346
9290
6116
1665
6032
666
4888
703
2125
5239
338
398
4382
4146
5305
2778
3789
4766
2665
372
5234
335
661
5688
1062
3428
3125
7298
198
3682
4992
2268
5638
1089
4260
8170
592
4446
4288
2946
9210
4413
