169
10000000
2588056
120606
175583
381270
2368497
3685095
3332218
1021088
1649908
3082705
1111829
6851384
1630589
5233087
61589
2375420
6763286
2946546
8929188
1876572
2092673
1644
4677819
7166165
7605791
3443372
2652246
6466470
50679
1167375
2394100
7250025
4036870
3735104
47511
535437
892029
6536962
8505203
3841634
1953329
3922809
1802352
6828319
2236583
3464004
1070812
217847
543146
2092168
3309191
32452
811045
4222270
1521011
4415411
2204118
1570363
7695048
9824417
1758685
963904
4575614
5708878
4554354
1447286
423867
36589
7322983
2682571
2168651
7001586
8846203
1901663
1742955
2146523
2903523
6347789
6494071
9932632
1646396
5148490
9782153
374549
2643291
6600165
2458948
1237041
526808
9062115
6996918
1755976
1246953
1829980
4133853
4680825
6721121
4607149
937885
629917
5949808
852213
1400713
517637
4181658
669852
655044
4465398
2833835
625760
3003082
6316528
1959212
2046770
4050192
8204726
3399835
941371
969507
3463038
3731960
3713203
1881120
1703550
5445646
1878166
6462609
517287
2234467
9967548
9879370
7988141
4502723
5497277
120630
6268040
6556628
981931
7042432
1153797
7269094
9107971
1616620
5264036
2677017
314599
7622936
2718509
6285509
7448818
1226944
5890347
2336520
1422321
5866147
2092635
933702
7831349
9351435
648565
635854
67368
3537391
1218352
9030493
4327585
2693568
5441337
89094
