171
100000000
22019321
17563919
38897469
9606833
36099343
90393167
78700495
26772279
97306683
71343864
16597648
33041140
76213223
31636510
19121556
40965028
23801552
28438780
64729390
1693814
18121156
3566573
1674762
43215657
11740
4345257
51475
99635800
11882222
42562773
48008007
4122827
3975909
69910554
21439895
32682952
68363490
10623613
51991993
994295
57482217
30033753
25502590
2370698
13150041
17349361
30159069
95654743
69840931
4336772
41144798
78549412
9153508
49792318
23119387
18944609
49742167
73825430
70566925
5955964
13065886
7545230
29776075
36940581
8329226
94621091
69966247
15469554
4875503
11469931
41725951
71762638
30485994
48957852
43297060
26522873
5378909
1876053
75125976
46448020
8164076
94550291
13404093
51858166
76880613
43903735
27060693
4499402
71196771
59034972
23091924
6845950
14647705
87975198
81588006
21299505
51785892
2967228
11547280
63059419
16426419
22227344
32858321
32771824
3762930
32018004
67228176
30818558
12906503
80878444
90846492
33660185
34219208
364200
56096265
2681577
8980163
33113240
30579966
19127273
48742270
7393453
50268726
25692976
28656136
34281592
75123477
52510249
31875773
21450588
56702940
10440208
24680402
21230171
88117998
75253117
23739495
69514006
12360261
21646375
263357
47348022
15622701
3608591
34615729
47452078
55306821
46484430
9028825
36485505
41642712
13031549
48214108
2039344
4609494
56784343
58357288
26174570
5449709
12729658
52478089
47720179
8807775
28424660
12024802
18411994
31630669
72064952
68972341
36106223
9064951
