152
1000
815
999
326
827
343
99
898
161
977
519
292
275
252
393
481
68
348
119
43
698
962
771
149
294
173
92
258
66
387
761
613
53
231
70
305
223
272
947
376
229
652
250
63
61
525
341
585
662
443
746
489
347
228
156
785
149
238
844
258
412
122
52
370
487
529
11
1
92
706
266
23
231
588
673
78
412
52
468
415
496
81
340
810
36
796
901
78
607
591
129
986
657
262
557
190
247
685
14
23
449
185
494
204
117
633
35
106
881
970
38
200
30
73
237
923
338
823
940
475
60
239
875
461
393
653
443
513
745
398
30
12
99
815
674
28
762
215
177
919
901
301
742
734
77
648
31
11
1
243
223
429
536
