152
10000000
2348
2613176
2453192
8863026
795182
3993249
4113385
1761554
5740099
4487796
4738139
4007366
9461337
407869
1496444
3825455
9843353
3377352
752585
3711690
2730226
9333748
1395928
1851448
156647
5050624
2798875
1921366
434773
7454068
1973242
5512204
9296886
3076854
4974804
1812991
4362078
8194235
5412139
9952161
563001
6571665
7388116
5617606
6327302
9130949
2309456
7623600
52672
474140
1191193
3968186
5025196
536315
721719
5261861
6622648
2376445
1332331
121011
1896550
705166
326454
6923146
8735899
8470268
6317602
7334075
6006751
2404960
869051
5712021
5596135
4403865
2876086
7221245
212129
790841
2611884
3824311
2376400
9601602
3672698
3333873
7595040
1264101
357179
923422
1369190
2472053
5992634
3096250
47839
1805765
5112410
8910059
3319530
5024696
375211
2545932
3624232
824566
8078634
4329275
6175689
6546571
3124541
4760311
9544036
6163712
8345191
9289604
6115994
1665843
6031814
666252
4887590
703114
2124723
5239689
338762
398398
4382394
4145233
5304575
2778755
3788922
4765086
2665925
371634
5234914
334953
662834
5687756
1061365
3428335
3127394
7297101
198859
3682398
4991530
2269884
5637922
1089941
4259901
8169299
593444
4445469
4287979
2945878
9209159
4412991
