173
10000000
1437958
1120276
752422
3439192
1254930
825796
2988504
4866008
743973
6561249
79067
1745066
874155
98672
8146104
1483152
1405764
3428043
2005545
7265286
2077034
982502
2145488
1191561
9711705
3270911
1609080
3048312
1536113
1511640
4644076
4346452
6721895
6099591
1598097
805127
2097455
5961440
7538628
7451133
1718388
2409975
2496624
9518970
959484
4905894
5769679
152988
6498680
816884
3597534
1911829
7405093
3349040
3278105
564067
955693
2136902
2490248
6576542
1765840
6035780
1849575
749269
9592755
6571957
5034463
8879724
585832
1934330
1712103
2941501
1040710
2086052
385235
2310648
8619685
6982883
7745158
2821192
617953
39109
9000830
7756993
810290
999170
7922966
3295839
585738
131448
4213115
5256509
424066
3943010
9142840
9125845
1927160
5131270
61257
4818876
8594236
4442139
3917961
5222425
7325287
3435385
3259957
6515211
3366
3346267
707692
7184165
1289829
3147886
1408475
2904371
5181124
2243007
3501320
2594907
2780443
339605
2658259
2978872
2760131
7785241
229185
426627
2214759
7058499
4743491
7095629
1069044
7277360
87693
4483942
8414355
31364
6411069
4868730
288295
481030
7194732
2201328
409741
5992204
1012754
3907112
1140718
1405985
455096
1524388
9544904
7719605
1481736
407245
3900409
2535842
4178841
7302632
936557
7219557
1496298
3851763
3017117
4152451
273798
2800587
473026
4193247
3082581
828800
7419316
