161
1000
130
447
877
493
497
10
244
659
549
690
184
15
778
160
551
254
651
381
222
503
503
202
504
115
122
506
114
399
578
266
87
593
46
739
490
158
448
894
4
651
400
109
150
100
718
18
408
334
1
224
791
702
441
676
437
187
708
364
282
320
85
655
553
366
53
258
165
47
460
86
764
799
539
98
273
249
349
531
639
327
496
168
72
261
261
260
201
480
469
901
320
115
136
123
700
835
54
454
34
549
357
996
262
238
407
673
249
99
361
117
363
38
29
483
95
184
835
236
292
110
864
461
458
250
416
175
37
699
9
341
298
677
819
690
18
890
187
165
722
708
136
542
55
292
21
290
294
49
274
982
209
954
1
850
840
494
4
80
53
32
971
