161
100
88
12
17
4
58
70
78
96
34
24
38
11
13
87
8
54
33
26
5
57
18
12
14
2
17
7
10
39
39
21
98
37
19
52
4
38
15
20
90
3
9
23
30
72
22
90
39
40
14
9
27
24
21
79
49
6
67
6
11
16
48
32
88
31
45
6
26
1
38
51
5
25
48
36
9
49
9
52
30
46
65
33
81
92
55
74
4
73
83
84
72
1
20
56
34
44
44
6
14
67
27
86
12
32
10
37
40
97
64
12
11
3
86
28
50
60
36
17
17
17
33
44
55
39
50
79
30
50
61
91
19
7
22
15
63
28
37
6
9
61
39
12
41
41
14
49
63
67
51
5
8
45
70
19
48
8
43
68
13
21
35
