166
10000
1702
4562
1069
130
198
5003
873
6941
365
3299
1910
1025
8298
3911
710
88
3055
6795
3875
3101
1086
7445
4637
3777
1368
9962
7721
3107
1868
395
4660
3189
6500
7849
3036
1570
6694
4549
2691
2
8105
2928
6620
2578
807
3959
806
1732
701
9193
3205
1303
9299
5408
1963
197
411
3122
1895
2072
2041
2878
2939
3192
7422
5230
2020
7140
8777
5755
713
6945
9280
248
3518
2551
515
6043
1467
987
77
1346
925
1740
912
728
7910
7579
8953
2090
2259
3524
7700
4850
8286
8268
3032
1714
38
5451
1539
6451
612
9870
663
7005
6811
2989
517
2021
3400
1593
1393
1838
511
1223
1392
2928
1091
3186
1291
5576
9287
5464
5438
4349
2215
2130
1385
1047
9483
3809
5978
5967
4022
1355
7129
3436
4443
4267
3305
6893
962
1944
1076
4656
5557
170
4536
357
2421
1795
6081
3500
9290
6564
2764
1061
6210
3913
3439
3081
1531
720
1776
8931
