159
1000
426
364
173
797
20
801
75
146
377
296
48
774
952
79
409
105
1
960
302
194
925
7
168
100
109
244
164
380
775
287
691
173
21
20
435
85
191
573
173
447
523
533
697
26
394
546
473
479
290
630
518
218
508
1
265
199
48
306
840
809
14
73
473
442
24
512
12
948
704
44
407
206
256
118
509
52
289
322
12
659
219
320
540
484
251
902
123
574
33
385
235
928
141
19
680
827
198
101
636
46
381
166
623
317
191
377
160
104
963
214
492
282
640
875
353
167
601
630
225
2
503
52
911
854
263
832
799
424
89
97
654
286
493
351
647
497
737
37
43
161
175
510
370
252
106
312
341
616
574
72
576
980
1000
478
40
491
593
226
507
