168
100000000
77545068
25908684
32030439
81753339
18246661
44532081
51121065
31592077
17795329
42941994
86938580
98207478
77398133
42550303
82064167
10016797
53298956
11287032
22569811
39951440
22601867
45458006
18021723
82763489
10935733
46638976
17935833
46136545
34842398
69233379
26284381
76683131
71852996
40650067
81978277
7825440
18198068
28147004
5949479
18392979
47982161
36594981
1792522
36269243
52490599
3883275
8919492
29630313
13368448
18552987
25853832
88195991
17437325
54040910
95286361
14507703
59135879
60614600
1787212
57442475
6553448
8280335
8927848
1204663
52445113
65646846
17583845
6610751
8408783
46701044
26846413
39385400
6987886
47244903
15838657
141419
16800128
81853421
50592222
6889969
6914423
33663745
99891576
14330963
49407778
1566
43791838
50671167
41963919
92806106
3258393
37691061
10692328
12112866
22454932
81841621
36179182
52660822
6045513
26527714
91072152
53056074
26326944
70203050
13061420
5940039
5675037
83199872
904579
97303477
10916770
76828430
37354543
3173541
4472846
66193070
9408924
25073076
14749816
92539204
14700517
6376865
53361024
50425282
82416155
5385756
5375259
38016498
30250749
68407923
12979737
6891984
4713639
54541994
18146579
63806589
11687171
34062322
53674896
11229228
45959090
2696523
60481146
9492903
35772944
14537177
54917630
18222717
85299483
53863455
59140459
98795337
30067012
35665541
7193894
78147497
25206162
2654741
25342432
26307558
599921
44850128
47554887
1539638
7460796
4796752
29506601
108424
