152
100000000
41979735
41451344
3166590
33345624
43142332
10335374
25689675
27565212
19199945
932283
73884986
3498146
58548656
57957320
33635251
88932934
17664784
61410278
82037945
39898350
12472166
28008898
1140030
7090618
51225272
47411270
16282422
24629927
48158507
50105215
18031580
96943600
98859970
89742792
34294313
6256627
63654893
39298736
29490096
80607479
24390997
8934865
11256279
65705687
5632396
20315915
24055727
21683934
56751133
19857719
69538143
2758592
17962055
44072375
45891735
92461887
51481411
66356305
11951300
3693650
2949509
96754647
54532938
33586515
24019429
99425922
45467062
89201436
28175
96501854
73536038
60701264
69360619
3056400
18244119
54108265
15219215
2896645
11067066
12081006
574078
1577443
42876275
27713471
87527834
19392521
26115014
70509904
82911733
45466870
37181031
26457485
80142281
68437368
89664626
43912943
6920697
20784444
48518589
69542181
7954020
67734588
10798564
91475247
77498845
75713859
18993516
22501155
29438303
45533617
78316066
7655064
44830778
26638422
24286141
10551178
11382515
2545542
42042680
40632056
57123725
72286529
31342606
88516805
8524753
11483195
33964538
19834355
2126099
14542725
23569722
76430278
65905454
56987055
41206215
617416
30639381
56418435
99067717
3245353
81755881
20179160
49571382
17046197
13871844
31562632
34094546
59381201
1019516
30112703
49457449
49894785
