172
1000
184
2
343
38
854
471
412
111
671
110
298
427
431
447
298
132
833
554
131
426
108
532
103
469
425
485
423
348
13
418
104
46
571
18
189
10
700
248
378
158
146
48
469
702
187
733
583
771
89
869
427
649
270
278
285
51
34
365
196
565
826
192
363
434
239
534
17
81
364
261
351
91
38
152
577
816
462
93
199
282
430
736
222
267
722
205
106
468
2
745
4
50
804
474
797
635
218
27
60
229
553
101
226
547
255
284
532
163
1
715
26
163
529
131
552
998
550
42
427
795
792
244
450
23
570
151
64
5
167
44
152
829
90
332
808
527
473
453
329
114
400
507
67
294
526
778
215
777
174
730
144
161
785
128
619
596
203
103
149
758
360
280
429
445
718
183
47
206
466
19
178
139
