150
100
4
97
95
8
33
15
10
99
24
75
48
42
25
39
64
49
5
28
24
55
34
37
1
55
74
44
45
81
57
3
94
20
73
52
5
61
55
1
14
63
43
92
40
62
31
51
67
77
19
4
27
4
90
45
34
6
25
52
38
15
88
30
12
36
65
33
72
6
43
96
14
43
22
16
10
14
37
39
8
43
6
70
4
76
60
26
66
19
36
19
50
14
60
51
4
3
74
54
5
1
24
61
67
5
62
64
11
42
19
38
23
12
49
24
81
48
84
3
36
32
8
26
30
47
57
22
1
45
89
30
62
23
57
9
51
20
3
27
85
40
53
93
80
100
57
6
25
31
26
57
