159
1000000
1938
363592
173668
796217
20877
190
75022
433744
377136
295640
549752
773391
332502
79862
408552
104336
894
959025
301333
196186
924978
7749
351692
101464
108905
243962
163792
380989
774295
286915
690920
172646
20470
20468
434700
84681
191946
572047
173297
446916
522110
532889
697746
27594
393834
546380
472261
478744
290923
629668
517491
217573
188760
87
264979
431443
47900
305798
840663
808054
13530
73957
472251
442374
23976
511747
12723
947982
704360
45101
407654
207472
255050
117608
508969
52018
288203
323617
11614
659733
218523
509363
540315
483282
252446
901412
666208
573009
32996
384179
234802
566256
140619
18726
450248
826703
197330
100423
636408
45152
380294
674544
622864
316871
192169
376657
159337
951915
962490
213886
491195
281622
639019
648308
353989
166705
602291
630459
225705
1290
503566
51992
910344
490637
262436
24109
798113
424007
89656
96901
653686
286454
492935
350780
646011
496434
737564
37510
44110
161313
174545
510940
369541
252724
105991
311659
340267
313507
811240
998062
575993
979532
999810
479087
40975
491059
592346
225564
507065
