157
10000000
1679813
230946
2865942
473813
9499153
1121925
1816930
8886303
9189655
9526187
6637516
3946134
8745479
7615599
2479981
7134058
5992716
279887
1035718
777950
5206974
2845428
2585476
7133234
4072172
7411167
7843826
365942
4254594
6684385
2588833
6484301
4016982
3315615
1361179
3912813
1102552
5719511
2428798
2912445
3070311
2461839
4226833
1294588
6079084
3385471
6541214
991613
5021213
2180577
4611600
1020842
2866766
2005268
4995217
5983018
7197325
4954404
268878
2448780
1567072
3454522
2729711
1762360
1433189
1423936
2802675
2436207
89989
1603850
2545915
5245320
1441300
1502520
6657167
5045596
8616372
2994844
2758947
8878075
400736
3920916
3458786
2086905
6929689
5380336
440387
235
7414524
4866970
2668160
2384401
3342833
653660
378893
6493607
3106137
4992231
7913095
8432928
7819423
8237640
2392256
5582492
9731122
476032
1574442
2362424
4511241
1113697
7703259
2266592
134482
1505063
6119120
3092343
5745406
5109346
7139593
5488759
1524265
2524580
3760962
226359
7733408
1916171
5807864
1411339
1419041
1037164
806289
3780925
2082457
1254521
2296741
7563793
4936215
3912818
5891006
5388400
6066625
913704
1383628
1043477
8979158
438239
7984336
2600676
3933375
530458
500847
603182
2015664
4793026
9599264
1631761
9561761
