165
100000
43931
6906
7938
32595
34275
50402
52135
29351
63247
3483
482
17528
18291
67715
7459
31013
4013
49016
50543
20906
69084
59260
61816
2637
15274
9599
27894
78391
10660
23249
99518
4692
9654
31063
32586
72501
89229
24444
16127
64044
22272
96517
11136
32824
24670
24216
43810
84726
10771
1272
7141
20332
80805
26
670
7676
19274
4856
3299
15110
10739
63154
50350
10631
7735
93094
755
6805
2664
14539
92541
40722
18659
80726
70649
72106
21232
18033
17368
61115
86227
57155
27207
13995
45806
78683
75505
78681
62133
48113
1170
24635
13662
29255
26251
20921
75784
90346
5110
9466
49648
20514
29296
94890
79668
3005
82632
6092
81073
11257
74669
28742
8921
35998
36846
38371
29263
5843
73749
10344
44161
42845
86005
8054
12514
35956
2263
74200
32484
5809
26959
10240
30916
86173
21196
17938
21599
26931
18927
97336
46224
89760
71078
11718
34608
3792
46577
45369
42476
13027
45502
49814
10379
47679
25331
51887
39034
5479
21319
4129
3057
60879
43432
67699
88348
