168
1000000
130866
850784
640608
267369
233741
868931
481826
787708
23226
205924
40356
404061
592607
149216
268950
856123
23092
445711
456741
261228
65980
738772
533663
641284
30793
96362
311270
143877
554289
63471
118990
77270
601341
362932
526152
25642
721746
48793
213847
32
536569
364933
753822
398659
65168
1035
663998
108328
731899
286620
361517
225288
178364
946070
715459
367860
747091
113501
120909
270159
605015
107716
631841
517077
959644
543259
530555
905728
538645
178556
901648
616073
437060
276132
218714
290744
636833
294010
547963
94272
69798
89757
11999
118801
107506
259595
46058
2829
336002
49812
77666
370331
182707
57277
3976
73497
821636
606075
637068
90840
382303
705990
53095
383927
317556
366043
562950
53215
242258
13424
200336
8506
98353
189859
127535
53930
323862
137800
998965
70252
131069
188179
80819
294997
518174
910928
821444
137839
99628
813002
463312
312937
212292
22422
524424
975907
168175
368159
148993
276999
857784
451394
394985
181878
556687
209623
148850
495876
635067
363962
407393
521710
713311
461355
504124
24093
930202
252909
278254
218336
138289
538829
851007
18092
839279
98352
132216
348747
