154
10000
4327
863
6608
394
1571
6058
178
4569
1931
151
4223
9606
8121
1840
5780
7276
3687
223
585
1653
9883
9826
8
3087
5843
4341
2724
4393
8519
9123
1648
7294
2744
3597
117
2617
4139
514
1957
1719
1859
1046
4208
1168
3096
609
6575
696
6313
2048
489
6625
5701
8347
301
4771
8170
7952
8050
402
3239
5346
8601
1133
3312
796
1130
3259
1660
1686
5004
5397
3496
963
2478
1128
7622
3849
1399
271
171
4404
536
3036
3012
2560
5673
2955
1960
9391
9565
1278
1218
1879
2668
8863
4680
2928
9037
6671
1206
2763
5808
5434
870
5229
2503
9829
279
7440
1137
9087
5939
5878
2378
2627
1878
9039
5792
624
4450
4566
5861
3900
913
3121
4179
961
4654
4112
1481
4194
3027
435
1348
6174
2183
9464
7522
2656
5607
8722
2077
2970
4918
986
174
5710
8429
1315
4680
81
8832
8141
