163
1000
204
233
206
606
667
80
471
289
245
764
304
110
36
260
495
394
977
404
265
508
443
32
638
688
516
717
309
224
58
132
89
195
70
942
980
38
27
492
407
192
855
75
20
871
483
735
241
37
59
696
873
408
494
185
339
606
656
723
442
96
522
293
96
9
193
537
90
137
127
208
278
148
30
291
940
245
55
448
60
1000
726
130
925
782
181
1
29
185
38
392
125
963
497
642
47
208
808
455
788
50
229
768
664
557
531
261
203
4
353
283
890
344
491
6
805
734
443
23
362
153
691
759
165
233
266
21
792
993
504
203
265
233
479
7
767
552
83
50
82
309
972
546
411
940
377
28
336
211
39
218
145
517
585
388
94
23
36
47
80
183
60
794
132
