159
1000000
478982
282357
123890
877647
299773
273525
172490
434198
171012
249151
334076
397290
214230
318923
572388
38212
489439
351575
265134
627628
564029
269481
575854
454216
647969
24860
164368
20082
494462
450127
432166
310358
171013
414837
430341
390800
164197
878862
975140
705669
72513
302933
375399
351725
204136
226016
835803
807903
175004
79124
819843
54471
615407
67882
185824
136028
548760
726475
363067
98958
173654
814176
436169
240050
90188
510486
489514
30950
510561
360463
307185
145655
180157
120385
14632
35077
556594
371620
717643
583499
516284
28260
714633
752
416501
443406
241603
192097
222550
585163
586800
315272
285367
580124
324828
921346
1773
730519
91709
274276
139590
559754
230274
138557
116553
31438
321904
119327
521018
136338
175264
207616
287962
145541
510799
826346
483796
541758
120397
776221
985368
88977
352031
369916
894630
418818
280752
365100
132317
639552
470461
105370
854459
569659
545784
308152
549873
360448
142681
314298
520360
636933
863972
151104
386709
119460
30413
692815
78654
697464
581182
546931
565590
719248
454820
223779
424146
38141
409237
