154
10000000
1679325
656090
2897866
144831
3062075
7726646
2629436
4101897
2837557
6008958
5137930
574160
7273344
1578132
9015118
6555941
597565
281619
9573763
2820921
1045220
8543613
806890
5354531
814122
6400445
2669103
106305
7807436
5527559
125275
426237
1385674
5760961
6859052
7573129
9087795
8821514
2472873
5898103
3921955
6200972
2997126
1704727
1567131
7906012
6378261
917839
2203619
8477110
3846112
1363181
2514188
1964937
1471916
2276681
2565768
3578005
7157117
7200601
3984204
5382754
9874725
2799399
2642319
9030374
3317816
78873
6714716
4847180
6153888
3182745
1178486
5627249
3444059
1576831
312831
8295273
4837733
7370564
7595581
1531969
3342385
9623095
2842779
8468031
4433031
3587611
2404419
4667697
3476908
8636819
3226413
4617246
5147476
7357681
9942999
848739
3274834
332747
4239039
4572788
7195648
9790561
7705414
49550
2098987
2310041
2726656
2273354
57001
2031603
912205
1409
791832
2030939
6015796
6305750
6667282
1322874
376905
3600249
6202786
2856187
2932554
2520413
3525496
2294586
3785692
2561264
1456387
6219550
50974
2093988
539929
894436
3676802
5332303
901579
3799028
2804352
3694250
9082161
984882
3285284
209439
969626
6000323
127278
6214308
4692678
1698227
7969061
2685546
