158
10000000
185720
2002225
2768402
3147182
3227345
4091226
8115472
5438971
3633282
2109342
4974588
5971903
7474735
5959057
9958589
2779703
2828839
9374712
4187784
5074086
3463386
625288
1988504
4767900
5689648
2870799
8632108
9714993
8491135
6366718
1550202
8471247
2947401
3086234
44790
3184093
8066353
1564156
5362836
6374168
143519
2718063
285007
1114900
1071536
1408099
2165155
3336406
2473697
1933647
1018094
1383405
2362205
363034
6881959
7129333
2806318
9530057
531525
494934
8952804
5978236
394361
6589077
626379
1366766
7044
4507895
1223607
5892430
6913766
7220297
3790771
2525265
7890658
41411
1790763
1097750
78979
7884156
7416157
4280932
1825579
4188662
4034446
7637795
2770266
5785583
2334998
3211593
6772655
4021764
2583843
6572274
7129201
5337232
1157481
2385546
4310352
636386
7977901
5965554
2675293
1891303
769628
3573579
4295258
6852818
1528753
3118041
1946333
3795343
4662768
872694
1304321
8384010
4808240
469943
158014
6788407
1445496
9490514
4529042
509486
1422419
2022099
9856481
1453071
4107570
7324707
2987825
4399422
3855155
1663734
8095442
9373621
1621
1493894
4235900
979364
1013931
6536614
4489330
3427726
7627476
3345515
1476364
4040943
2863937
3238971
2890229
2372524
2364363
2340155
1047196
978246
2975383
1004858
