164
1000000
362894
225721
635529
150392
334666
708034
786834
559962
180804
254967
511191
377716
20619
83879
348755
217553
580934
364471
272422
214928
370811
516775
171366
376153
914429
94970
66550
817016
210827
182984
864580
26866
339980
566961
426135
670838
287381
873932
795513
544239
359946
85571
540306
66199
665334
115553
308543
126347
54681
471361
498186
956654
74996
244655
17620
63015
528405
103253
16703
255496
356569
601201
24517
231428
43346
16388
774279
652083
392419
375681
126068
487879
573368
268672
611531
86318
632055
712619
643431
409669
200952
518701
419066
347917
91705
604876
884447
296499
136223
448897
444729
459694
132544
375898
21844
238178
428237
442595
496704
924186
660020
192124
37356
152057
213166
157855
750348
572625
413052
703501
83836
551103
180712
190112
285216
622284
557405
592169
394207
353978
296988
339993
35246
983297
486308
112190
139628
836297
47698
79455
204487
180348
132747
755345
383546
28529
367082
528639
852032
153113
34484
430745
424989
117800
422091
147968
674483
314442
209751
75814
271287
226453
261205
300785
728713
38853
178301
688952
517827
398555
53788
590331
666
488809
