160
100
67
9
24
46
26
19
6
2
67
100
8
96
23
1
7
20
42
49
18
77
67
53
40
91
28
78
30
1
43
95
75
22
76
11
1
3
1
9
18
11
36
37
52
62
1
11
43
25
47
9
10
96
79
73
20
64
31
91
15
2
24
15
15
11
51
35
45
89
37
25
4
45
50
84
96
11
18
23
11
37
11
5
32
42
1
26
32
16
8
38
2
74
46
8
97
77
1
73
6
41
87
58
10
47
78
18
37
16
51
3
35
92
57
28
58
36
12
76
5
56
91
81
95
18
99
82
3
4
59
70
5
7
47
22
16
13
27
4
48
16
38
27
89
4
8
5
40
41
49
1
9
1
64
26
55
42
59
89
33
27
