174
100000000
30075833
47484318
14685229
49312706
18372256
38625160
2994432
97784725
83662069
18488897
2307729
14653810
62243545
68924906
24167779
58678100
4765946
20368076
9470395
21809206
14642004
11953407
44555370
19492458
52515682
93561948
19733858
52354189
1208524
46365846
4265587
18160981
9736951
33529863
59232971
73035071
84826290
20851882
79631924
2009790
60264
30209924
6438052
31606016
3620475
22140158
30863140
46439306
38130436
14327611
56647964
2199420
1461460
8381539
9662566
52496459
57351588
518840
73123321
8906827
839930
625593
61853413
10151693
96804952
716647
53634154
3266752
51574586
3195048
15173710
11654590
16693026
64361010
36394304
6947440
10932578
82105444
2280893
64485086
85646675
97135299
47503541
29344204
37622386
43352036
76232853
34367401
67850258
78524098
29828099
99506065
2215275
14058013
3647075
97719107
49719842
27258320
30575011
35024041
38504490
90058128
41373331
11535261
45054432
22181300
12244891
902383
34518753
15263777
66345323
26532345
66205252
27403542
20798887
85485096
2817410
58678607
2963738
56553647
57993954
20888052
38146587
43446353
24360742
38186665
30987869
13107765
65313393
9092411
36004126
11339544
52300511
98538540
432584
21336999
7956392
4289917
67830512
38296917
42006046
14514904
14328738
59410374
1105820
12840969
493935
10498135
85672389
31726297
69424989
42885943
8129659
29981849
47313197
12377680
40767029
17894556
60367824
17981958
11399487
32149742
47066819
14353325
30877597
58222489
75683624
23767147
2864701
63587330
55444630
16782671
35120150
1742044
