170
100000000
16979394
53983666
41868440
4145846
40427343
41914877
3203232
77165144
46016334
36130561
2738676
17661517
10609399
54537208
259121
5175631
9141096
18741100
28911689
37647090
34637466
13542345
45787934
70988907
967520
45592346
61262125
8571576
17150342
17916683
63871977
40380855
24880554
53346525
36429388
26976609
14012230
31740683
11909449
3694796
69959577
25991581
6307479
3635009
57345282
76859420
96364991
75904020
11277338
29011093
20704121
16242551
24265240
67465261
73023391
55038742
3537221
8391361
58131560
50070582
10374316
22697
34651847
18517717
16412769
53883983
49904540
63570612
31166579
16692194
20864656
12823802
28180929
22324741
670171
82288027
13389637
37611356
24889628
8032265
25675912
51584782
27715444
71819071
19902169
87175909
89290674
10900411
45024989
25195530
11860994
90858904
89545858
12156025
33593186
28093455
18862641
88333311
1450464
33452724
4503114
18022562
65769871
34191400
38206175
14853148
24598136
49248995
70685597
11905388
57470256
4644386
48415218
2841208
39930409
32379967
84731922
22834856
74008419
72658907
11506263
35051092
36703495
65348153
28841867
46892893
11666689
59619145
77941244
80097831
81459586
10789061
8293160
70048688
8698843
47711663
7654185
46653475
63116395
10361699
12824091
2858825
49192862
58181530
48516325
30085383
79295879
13872319
23140580
21658152
37174084
5233339
23493968
49608535
49395831
11314970
9029810
36128023
32915878
91967735
10709326
15268078
10454142
27845710
2657714
88493737
20064087
12062945
46022178
90970190
