160
10000
5429
1473
1287
4288
1135
222
1963
3390
5037
2557
55
1110
9775
2771
3038
4571
7379
1868
1539
2755
4465
8037
4302
12
1497
1444
1544
22
846
9636
3875
1510
364
3091
3566
3547
4479
2432
7229
4624
2561
2031
3769
4730
4816
9985
4867
1849
1319
7809
2342
8685
9227
3842
1305
7765
6221
3386
7128
3405
8151
7443
1590
1167
7621
8645
1079
1719
6595
4235
4242
1336
213
381
6401
3630
2108
7969
740
624
1308
7057
6298
6276
2355
5698
8490
7850
776
2872
2277
3015
98
6403
4877
2356
7573
355
3
3273
3138
6852
3779
151
3903
3205
1315
5332
5837
4657
3668
2235
5657
9376
2452
1614
2150
316
4348
3131
3641
4352
2427
3892
533
712
3724
269
403
742
2357
4343
773
3756
5809
2191
4925
7432
6453
9902
233
4344
974
225
7658
666
6332
4577
2366
7892
211
6030
1233
5975
7251
2621
5184
4191
3370
6610
