161
10000
8757
1243
1604
453
5908
7092
7752
9547
3373
2506
3709
1010
1463
8630
927
5402
3330
2686
405
5692
1785
1120
1480
212
1778
624
1055
4060
3890
2053
9788
3623
2067
5189
343
3903
1485
2132
8945
257
846
2377
2961
7167
2248
8921
3801
3904
1474
953
2792
2475
2039
7833
4997
788
6670
590
1069
1568
4759
3154
8754
3012
4457
506
2572
39
3705
5162
473
2460
1282
3600
885
4838
841
5163
2958
4598
6449
3217
8099
9153
5412
7333
383
7208
8239
8432
7105
7
1963
5551
3360
4393
4355
39
6295
6744
2651
8520
150
3273
1079
3693
4213
9603
6369
1243
1236
397
8526
2800
4977
5922
3631
1761
1736
1811
3275
4449
5460
3906
5024
7861
3049
4976
6094
9047
2088
1395
2284
1494
6226
2895
3771
580
1115
6040
3839
1246
4029
4188
1392
4811
6229
6725
5003
475
847
4401
6951
1816
4811
917
4414
6727
1220
2082
3551
