170
1000
174
185
516
755
77
245
179
148
434
759
699
76
707
249
272
80
276
640
229
314
942
20
952
392
779
639
935
30
186
150
216
95
123
154
225
43
28
458
920
446
524
34
519
299
419
676
682
366
167
99
338
609
751
309
417
90
221
691
365
733
276
32
40
359
515
30
419
562
301
273
163
305
1
162
440
5
293
436
249
144
336
381
353
317
438
585
237
649
318
326
142
190
261
278
474
157
498
19
284
321
58
661
188
31
123
77
687
564
213
132
970
58
131
189
241
260
284
484
352
358
65
100
508
728
50
485
219
199
542
950
301
48
686
380
158
619
821
470
156
975
24
586
100
33
285
567
262
406
488
267
516
187
538
413
161
717
682
812
49
124
447
458
327
415
292
25
549
416
257
451
