166
10000
5110
1997
1194
1147
9548
767
9921
2201
365
79
3380
1368
3658
6067
1924
2131
9465
3816
4385
3933
1011
1008
1412
8170
5059
314
7869
4822
9635
3968
5917
1919
1015
1395
7432
2002
2808
3156
2637
535
9233
1798
2751
2663
6178
3456
468
6482
2549
2084
8066
9995
6469
1604
2778
5021
6457
94
806
643
5615
243
3581
251
3115
3855
1205
1187
154
5
5445
6552
617
1082
224
5494
1363
8928
4336
1072
9776
7833
1093
5035
3094
9277
6662
3532
4557
1364
6
2050
4016
298
9103
7775
2225
3367
133
905
4890
6394
1934
534
4617
5383
740
6048
4137
6623
8177
5863
129
3822
949
1719
3999
1758
2606
4211
3518
784
2568
6322
255
844
9383
1823
5539
258
2416
9466
182
8738
3952
3660
1884
240
3958
535
5443
4461
762
8636
897
448
457
1790
1124
1442
9579
178
887
2461
9686
7856
239
6032
3448
3219
6213
8715
6799
6242
1285
283
