166
100
11
25
3
22
35
22
96
58
91
79
9
74
14
75
75
98
20
40
4
70
62
66
21
58
61
1
16
74
6
21
38
10
40
4
12
49
15
18
1
89
96
76
34
38
51
66
30
40
73
25
92
12
33
4
39
40
4
30
8
30
42
33
22
21
15
1
34
16
25
60
77
78
77
31
9
60
8
69
13
71
96
34
5
69
2
36
21
91
50
23
18
36
4
14
11
10
3
23
82
7
9
47
73
5
45
6
3
17
13
29
42
86
43
80
72
52
20
39
21
21
60
2
73
19
96
49
25
11
13
29
7
10
8
6
66
9
53
33
27
68
25
30
33
53
29
32
8
30
31
15
4
27
1
44
5
78
18
14
30
47
48
45
51
59
16
39
