163
100000000
54263859
15036568
41480
36580115
47664006
1233989
32901988
3279705
85203280
65770501
32102950
10299012
12675665
51561923
20908652
36333219
71574442
12651479
15897886
49106370
7661187
84098817
18076431
21576208
2627805
957526
4116335
30845700
1591463
60350389
52335994
8735512
11701245
87431692
28784930
25088557
52498144
2808242
57091736
8975576
41251683
15971916
32561011
84028084
20350622
1989926
63974410
52750354
43038454
76849475
270951
13295689
72416971
41656726
40638198
45487941
90874589
45362824
83232186
26028657
59361802
7562689
39649611
13122756
20990937
27381543
44817930
7411025
65951050
12089103
27583029
71357680
2231325
58748317
50663534
82488163
9432733
63730045
31313423
7976728
70855687
57578319
46747390
23666359
12980450
91264488
46951553
36025590
1050510
32584159
41944631
44683592
47249646
53747603
55911036
94660338
49336466
53048447
47110369
13407446
7277478
7817146
16310151
35932856
61350123
55317184
97150278
6359901
87193756
35953385
42444342
18802939
25471210
60204499
36269955
31128706
11517015
22225569
62383358
13561320
4104391
81550996
48355211
31978355
28425558
1709799
62809947
15901183
63666781
23150525
12568308
53872349
48627473
11134933
14715879
67963273
23315923
7516517
4796592
36294955
10565889
23505705
73971343
12806244
35497239
30100125
92722522
5339662
47711071
45136831
9125411
34048950
51372527
4580156
32036727
29144313
17921721
39641399
92023272
44047137
43232443
51644789
57555658
