161
10000000
389968
9563637
8392172
5283463
823188
4265034
4469678
2259941
4328068
2188649
5196584
1869747
157219
1407505
1759548
964239
5734966
932021
864321
4803416
5892946
1155747
5034120
8330826
347916
3726039
4576754
7310546
482514
750680
2249701
2373441
4805775
9517486
131679
7478823
1607828
5773640
6577025
5941111
1469733
8022897
2168386
4219390
6520570
1995301
1999518
725294
7307865
2692135
3772615
3635171
572399
1709536
1340788
905195
6175670
4532476
3014012
96227
3335187
6239044
6225520
9274706
3987599
1668314
5671932
9741374
5530322
2568007
7653411
497147
1762916
4871084
5870
2179553
837381
1185349
5929083
7626559
1135697
939422
2304747
9448735
3745778
9094805
6839746
9817900
716831
5128916
258626
794003
1545962
4004004
2172628
3224010
1900776
1674305
436363
3422975
4514413
7811351
1127140
938027
1648530
8470290
861922
9060578
1804296
6341476
5016877
5279165
9472305
3360501
1113672
5467524
4757003
7820447
4955277
1529710
2751295
8053112
2550074
5242997
4058999
4888038
4790316
2987822
6429161
6012401
1511724
551265
3570839
3242215
439222
2977982
1219489
1009661
6556620
3362039
649753
2061414
7827372
1987955
5079535
3114481
5423246
1669174
2581458
6364829
2689454
8049672
719948
527695
5289983
1946888
821356
862976
1951868
182100
8653342
