154
1000000
400131
91061
928046
709992
82070
349785
793719
476763
113897
679064
651092
397936
868950
846470
315523
638401
825242
843658
166663
182875
100068
211506
102
339269
39091
419690
361599
131050
673349
183313
157252
886103
320936
123041
225800
37796
37548
209591
530258
164594
563199
86477
31534
324726
217033
267045
899923
588111
163890
350690
287213
7516
550562
71954
277644
174758
510680
782967
833337
40430
95675
500947
417027
602064
100077
752413
91068
38995
765770
15592
206281
523237
87780
469742
140775
180294
850075
749403
351647
147429
128014
711796
124630
394586
76978
962452
579588
642949
695555
819706
407992
430356
436801
211252
886717
156342
760491
75487
551439
573789
121570
54080
118841
848992
225715
98744
411889
569065
449438
480242
459879
917930
184065
420315
357051
998360
569644
733761
349392
289906
170
153530
509193
32397
684477
431275
834171
528722
1640
165829
326651
421697
385813
761625
992484
192665
12660
139026
210513
287555
208833
348908
857501
605414
501125
151008
229900
429699
118424
247587
490807
82926
239509
501193
