157
100
71
7
5
54
64
57
47
76
42
24
68
43
18
36
25
37
46
46
3
64
27
7
77
89
41
31
43
34
31
76
44
24
7
2
38
25
33
93
17
65
35
17
29
23
1
37
6
11
1
8
100
5
49
75
8
28
34
10
34
12
38
6
82
4
23
14
11
23
69
13
82
6
69
6
53
36
43
91
20
15
22
41
20
24
6
62
38
52
34
38
69
70
67
4
60
38
89
69
93
59
70
16
14
35
6
12
14
6
22
54
62
24
50
57
88
92
64
25
30
3
33
16
29
40
73
24
21
1
40
6
88
8
56
48
7
26
62
89
86
34
81
97
24
2
4
13
8
11
89
35
30
93
26
16
96
13
12
