172
1000000
184551
2037
342944
38186
853863
470210
414576
110743
670582
109362
298936
429085
430680
446182
297126
131496
832473
553092
131897
425153
107053
531445
102586
468383
424070
484112
422194
348549
14922
418617
103940
45690
570159
17584
188728
9470
699883
247729
377123
157515
146137
47094
468026
702874
187594
732635
582341
770909
88043
868103
427677
649203
271873
277738
285201
50510
35094
364553
196088
564677
825139
191698
363683
433599
238286
534438
18431
80121
363805
260163
350797
90757
37391
151301
577806
815449
461031
94744
199641
281963
432075
735593
221656
267365
722262
205747
105532
468694
4008
744359
6011
49196
803912
474211
796256
634737
217852
26901
62052
229091
553818
100476
228522
547884
255641
283171
531306
162471
736
714799
25394
162347
528893
130882
551616
997963
550322
41072
426139
794253
791819
243682
449678
22673
569426
151934
63758
4216
167527
45678
151724
830128
89840
331722
808302
526372
473628
452116
329418
113113
399228
506574
66467
293517
525789
777177
215654
778481
175164
729324
145250
162406
784346
129609
618870
595532
203744
102001
151319
757309
359727
281821
429841
446332
718037
182737
46545
205105
465562
18148
177082
139794
