162
10000
1536
5736
660
411
4185
2233
8978
2221
972
134
4839
8204
961
2176
8496
6972
9316
378
8906
70
5718
7069
4264
333
9468
4474
600
880
1094
5934
3940
1920
2343
3588
1167
1372
6
2325
7333
9835
1022
9039
4239
255
8833
427
5800
3078
5737
4535
4182
1093
3540
5679
3543
1238
4247
3785
2364
2780
3570
4311
2667
428
5749
4934
72
2148
7952
7200
1218
2228
2427
109
70
765
9009
4889
1504
2604
2347
5465
3054
1096
684
4927
6161
7192
7235
453
156
1597
4130
8070
3817
165
3031
612
1851
5101
8569
1169
1796
2908
7675
3732
5853
5774
1818
532
3839
4501
991
7807
2733
1783
1894
4320
557
2054
2127
1491
1431
6922
1429
5073
7201
2193
4264
2048
6526
6046
1381
8687
5860
8619
8509
28
1462
7846
1547
2799
1451
9930
6946
2931
5870
1313
3688
234
1919
1518
3474
8762
2650
3954
3628
5753
4994
6215
2154
1361
