163
1000
879
41
585
115
384
218
564
33
404
151
260
150
43
972
74
32
74
127
416
999
96
47
465
712
978
109
38
987
382
21
930
28
53
334
100
86
73
579
269
22
537
62
835
370
192
251
128
32
43
188
392
164
885
452
944
29
804
538
366
1
434
565
616
18
578
610
362
522
56
221
555
705
1
867
125
779
212
165
408
121
638
436
673
283
14
535
478
162
890
49
470
200
48
952
507
490
608
478
421
329
887
82
447
275
117
926
788
217
264
872
612
848
75
406
140
591
63
196
94
416
236
8
13
60
723
693
110
212
192
11
72
423
91
330
9
584
388
576
941
671
109
169
814
544
311
70
749
296
370
327
491
465
177
93
230
953
678
186
306
883
119
264
113
