170
100000
91290
54371
81079
1347
13101
80824
17807
53871
34488
35174
93557
42918
72575
2325
45624
20555
10709
53269
91544
48768
32928
90055
33667
52459
37623
22930
80738
89647
18828
32004
78457
2303
98653
50673
84446
15554
25711
40936
46731
34423
9279
2411
43897
4661
46460
65253
47198
51232
47508
29330
8913
26712
35120
6292
18675
8710
19279
12881
16220
53901
2970
12516
8456
40032
3219
10346
1232
12576
53205
73117
43374
1014
29882
66184
98913
24940
10141
35266
82160
19176
38647
68427
26331
5474
12718
1114
15401
12599
40849
7834
79445
7626
16821
9945
25164
31060
20422
42830
34860
66645
44250
36379
38114
1782
24209
62358
45382
24368
61655
42931
46638
91087
16484
33
86552
53425
24741
1087
48238
56103
24539
51762
25361
38826
44658
39065
18997
26535
6820
63580
31892
31133
28455
8825
65140
13398
52866
5281
17923
36567
44690
24387
16137
17840
26954
39169
56626
57082
53123
30740
67996
44083
6342
13448
16417
951
29253
27425
23348
33816
8916
36600
22237
55750
63744
10353
34070
19629
9747
10863
