170
1000000
173944
184876
515142
754345
78282
245655
179946
147519
434066
758086
699952
75228
706864
248942
271188
80478
275636
639872
228058
315466
941526
21678
951752
391990
778391
640257
934885
29365
185490
151067
215490
96347
122772
154935
224342
43565
27108
457475
919522
446653
523982
33224
518128
298718
418960
675189
681078
366401
167876
98140
337509
608027
751058
308854
416285
89280
221609
691146
364731
733035
275983
31386
42125
358317
514126
30762
418922
561902
300048
272522
163814
304833
697
161925
439251
4955
292359
436332
248874
143318
335679
380236
352062
316776
438098
585890
237910
648962
318922
325429
143157
190868
261758
277383
473497
156252
497007
18554
286117
320534
58474
660281
188852
32452
123659
76918
686862
563668
212847
131685
969238
57917
130438
188652
240358
259610
284766
484858
353718
357963
65115
99736
507556
728812
50015
485874
218036
198788
542525
949985
302054
48248
685139
379821
157519
619764
820054
469044
157733
974584
23943
586955
101911
33804
287183
566036
261019
405963
487368
266965
516802
187578
537468
412226
161786
717662
681360
811148
48670
123993
446976
457381
326324
414110
293833
25416
548205
417341
256234
451795
