151
100000000
61482596
71677993
33025802
14873301
98601576
74186174
25236161
54424263
69301209
2366165
12177016
11754027
45959072
80268740
25632400
99534457
40030889
51151934
13310603
85286502
16018058
21116905
538837
82775208
74367600
3189149
23026971
15412280
21842227
1710046
50946807
51601882
18436
17658627
83981942
86029143
16600599
49053193
15738434
60381045
24206675
4306608
40780315
4658496
81291751
70807766
9723749
25157823
5771546
67073773
45862112
96610411
1754993
7340146
29555485
48398118
3389589
37003090
11809322
83751733
34614187
39071801
15869415
98245007
4481654
62744622
36258959
58948104
86689397
15831426
31799408
54137888
68200592
54040928
1441469
70444515
85126699
10042367
70911219
18708249
74842177
37255378
77418495
1026156
43130925
13777978
59433826
47343948
68300425
69912123
10304056
8572647
53603473
16197846
46396527
29192234
67474099
465543
76973029
42263
16248267
15732485
1398424
12023396
9847525
27193869
95518346
57852306
13413505
4307215
4848410
89957633
9982400
34009983
56621591
98289954
28322007
271581
10827478
87976604
27867405
24357072
82341373
67009074
18200304
60635926
86586495
54313271
23056917
81799696
45131971
24240371
37978567
4749887
1114335
76943083
30087877
28718431
59104553
9384941
13970857
17224792
59969111
83399401
6341719
32990926
6463414
14713498
65826766
82775998
17246166
