155
100
48
2
16
11
67
3
76
87
2
54
91
57
33
96
39
70
45
12
7
5
63
29
9
1
7
4
72
26
9
65
49
9
1
26
66
91
93
2
71
34
39
45
9
2
43
45
22
10
56
27
15
15
97
64
9
12
21
37
44
56
63
19
85
35
82
7
21
24
98
13
16
45
31
17
39
41
26
38
19
66
36
46
28
55
6
38
3
59
65
27
1
13
37
61
8
57
12
70
1
57
10
28
100
9
18
63
20
11
85
5
30
89
20
72
7
15
6
43
17
81
6
19
67
81
80
2
52
21
25
85
18
35
74
56
46
24
30
19
62
17
25
13
91
74
74
17
18
9
68
89
99
11
76
29
78
