168
100000
13085
85078
64059
26737
23373
86893
48182
78770
2322
20592
4035
40407
59261
14922
26894
85613
2309
44571
45674
26122
6598
73878
53367
64129
3080
9636
31127
14387
55429
6348
11899
7727
60135
36294
52616
2565
72175
4880
21385
4
53657
36493
75383
39865
6517
103
66400
10833
73189
28662
36151
22529
17836
94607
71546
36786
74710
11351
12090
27016
60502
10772
63184
51708
95965
54326
53056
90573
53864
17855
90165
61607
43706
27614
21871
29075
63684
29401
54797
9427
6979
8974
1200
11881
10751
25960
4606
283
33600
4982
7767
37033
18269
5727
396
7348
82164
60608
63706
9084
38231
70599
5310
38393
31754
36605
56295
5321
24226
1343
20034
851
9836
18986
12751
5393
32387
13780
99897
7023
13107
18818
8082
29500
51818
91093
82145
13783
9963
81301
46331
31294
21230
2243
52442
97591
16816
36816
14899
27700
85779
45137
39498
18187
55668
20963
14885
49587
63507
36397
40739
52171
71332
46136
50413
2409
93021
25290
27825
21834
13829
53883
85101
1810
83928
9835
13222
34875
