160
1000000
241621
8166
485723
159147
609156
514277
406319
29252
64907
757650
726830
564
367135
136672
288916
327127
631253
162405
470721
439822
812642
139740
669816
390844
786800
417445
211024
128367
785975
621473
26308
50110
273098
82166
773014
58991
22800
390763
102321
357774
277437
55172
551305
878259
297889
396688
233384
582555
824125
170495
924017
215972
666913
685887
119760
435043
325649
296361
410199
309934
178628
440100
849238
295927
418087
314113
213200
379871
612150
930038
31549
5674
138414
400129
273578
10851
83775
393953
671730
141813
121740
89961
229664
142475
461555
24506
22810
100186
364882
867079
916225
290565
554270
318110
121741
339495
173048
12348
569344
64800
360632
38233
403584
262435
320709
606047
560178
568782
431202
487820
56928
382519
307380
214025
50911
477700
989149
765062
153102
330184
135023
617481
977200
118947
512180
233040
784028
593681
239026
67839
354692
75983
42522
935093
454728
480389
829505
183753
528606
679291
545272
878260
503262
198851
949890
445730
242350
123276
173310
173022
132921
632865
57932
69962
622377
234938
566322
863328
635118
187625
