159
100000
30584
5289
39019
14834
17350
29690
82572
8678
95
37005
87273
52899
50212
52996
13677
34178
44102
8787
54453
80803
11988
9262
15198
50706
22750
4008
5620
54682
4027
36131
45598
77250
3758
4276
70310
66251
74633
61055
15610
13976
86831
73991
6758
10465
67633
49235
39931
26532
80009
18183
75846
27525
50765
30220
99905
92090
13796
53532
26009
18884
70134
36672
87997
60981
44
91322
32110
13232
86323
30614
16647
53890
75462
16498
36126
15329
12003
21340
40811
645
13169
24538
21981
39475
19197
74876
23950
11432
94193
16872
10878
42666
29866
53918
23006
31936
48576
71691
79513
7760
86024
29527
8364
15790
75360
55830
9363
18104
99031
41641
31218
97019
54402
33104
17428
1335
28309
94039
15722
28681
8179
10235
12727
13048
2981
20668
84671
46468
83353
447
5961
48172
47405
58804
17401
55470
81896
23458
58746
47101
969
13611
6765
6943
23580
24640
19510
38945
73546
1914
80490
12782
46410
47820
25124
98665
1145
26454
5807
