172
100000
92739
63775
69738
7423
53
34350
18812
3937
20998
98301
67896
33231
9049
22402
79180
10551
32572
6495
50588
2970
8335
30761
703
1584
30577
79376
2360
23951
20624
12474
56245
4885
18320
14855
2803
73946
3794
7084
57371
40647
64411
39573
48294
81627
53572
86986
3877
44123
23382
43755
55
93023
92916
42851
82087
31262
2437
72246
29273
8935
72334
9123
20765
36933
7763
32252
35023
57837
29371
26054
16864
54880
5622
21444
27050
30600
94722
16244
16758
15795
83595
8970
27363
7902
23169
69424
32365
51439
14078
10783
32408
21871
57149
52054
55877
13056
22777
12991
35131
6804
22753
35915
9425
8232
27666
11715
5278
19188
10307
1699
18373
42005
60427
21511
11996
51121
47946
85482
5126
31377
78129
58623
92098
8802
61128
7409
41149
87526
67592
25200
5322
41377
64885
41219
7261
13356
11816
16841
8129
31109
19030
53888
37171
15513
68738
4950
36150
10487
31661
96206
32732
32715
9325
22118
60631
39624
17024
60797
83136
44253
94874
90575
17913
6977
19602
7170
81680
11074
2293
24348
97640
46112
