154
100000000
45823433
77263964
90175123
8216171
9824877
46804267
31770565
7188035
11519400
27960662
28580681
21118927
28992805
22807105
55410932
47611499
47125774
36007071
71971100
72039338
4932158
6469590
36389952
6455776
56232011
60073981
12166379
76831776
26522824
2968391
37608444
40009619
59990381
90619290
3306303
18732380
76699
90963849
8405831
15000241
47432637
1953945
12557416
39309268
62535448
20981079
54176567
85309809
63006500
22736036
12609543
64593051
87442584
82887183
9751251
2601459
38806684
13886465
21603548
12736246
38464763
71667826
39926019
90280447
52874226
5811140
291696
8821892
89182370
18277649
1255930
23523056
46165720
51569085
94687215
70129861
13602469
29227318
6652371
55675631
11887459
5920819
13358537
9036151
93530410
69917718
22740938
75010858
86641463
51885310
88112541
5736482
91362550
34278279
99708304
42526622
16695417
37160230
44589068
8637450
30082282
20796798
34421039
4384478
55503473
65721721
50026116
35101900
11648824
6929529
89070324
69702114
69525496
2217147
57473378
47249626
5312785
26436218
36993500
62839770
65578961
33081046
23924024
63902021
87678347
37269292
21144139
78187167
4196573
63992929
12822763
26827367
33267979
23926793
69810549
45800027
97031609
4157684
48874113
9380710
44324369
5913598
12321653
17655149
30189451
51125887
29034337
9719553
77192895
29870139
43767989
69092698
14681241
17112817
