161
10000
1300
4478
8763
4926
4974
104
2438
6584
5499
6896
1835
143
7780
1604
5503
2558
6511
3809
2220
5029
5026
2013
5036
1166
1213
5062
1134
3989
5780
2651
867
5927
467
7388
4900
1575
4491
8933
53
6505
4009
1098
1502
1012
7180
177
4077
3350
6
2240
7906
7026
4408
6773
4379
1883
7072
3646
2820
3199
866
6544
5522
3679
543
2573
1652
468
4592
851
7643
7996
5386
972
2731
2488
3489
5310
6389
3270
4964
1701
712
2612
2610
2591
2004
4791
4687
9003
3195
1158
1354
1237
6991
8348
535
4531
350
5487
3566
9951
2629
2392
4073
6730
2483
997
3611
1170
3621
380
299
4828
947
1838
8348
2357
2928
1107
8631
4614
4585
2509
4170
1749
374
6983
86
3419
2974
6764
8190
6897
184
8893
1882
1652
7214
7089
1369
5415
550
2911
201
2891
2939
482
2733
9816
2094
9533
4
8498
8396
4938
49
816
521
311
9701
