152
10000
8147
9986
3262
8265
3432
990
8978
1607
9764
5184
2913
2741
2533
3929
4816
676
3483
1196
438
6976
9616
7713
1501
2948
1735
935
2578
663
3879
7609
6121
538
2301
693
3047
2226
2720
9462
3755
2287
6517
2511
634
610
5251
3402
5851
6613
4421
7458
4883
3469
2303
1563
7849
1486
2389
8437
2579
4125
1216
530
3700
4864
5285
122
14
931
7052
2664
225
2304
5875
6729
786
4120
516
4695
4149
4958
810
3392
8096
359
7958
9010
779
6079
5908
1288
9853
6568
2619
5569
1904
2478
6846
147
236
4491
1857
4931
2042
1161
6328
357
1054
8804
9691
384
1994
309
724
2362
9221
3387
8221
9391
4749
609
2391
8760
4604
3921
6531
4431
5136
7445
3972
304
145
990
8143
6738
304
7611
2151
1779
9190
9010
3001
7422
7336
779
6480
316
120
6
2424
2222
4283
5360
