161
10000000
6896073
6926730
5382616
2789558
5288626
776940
595394
5265093
2275429
4520463
1592469
8911071
6272158
7559802
1482438
5230411
2643617
5030742
4734907
868973
4412255
839889
3172493
1232975
5042198
6102928
1266411
7921828
4023516
354044
4561750
2576433
1152520
3423158
2169547
5408837
74326
7525362
1788845
9645956
807567
5868884
6884640
2192
2457265
3938204
2670297
9174827
2611244
4454675
825173
9170888
3361575
939634
44831
8171631
5436585
5511804
6884682
5770113
3486839
7717997
213730
1343761
202994
2078172
445114
3666633
4578269
4552810
1597736
1569491
829112
5405211
6259792
4617384
1199780
5545325
2551051
2296360
4618538
3186268
1714011
1436905
8563095
7490468
4131116
3097310
4716522
1794937
3115360
1309241
5139561
4957802
197987
4711374
522219
9389909
7501013
714595
771559
2783788
3727842
2282003
4077970
610091
6333367
4229887
649742
2553881
5720919
5283478
4442957
2474638
3740208
82121
2093817
4828381
7356383
8118557
118791
352048
4969258
6519634
6830581
419465
4278504
1088929
3716637
5750170
1016864
3415452
1905584
3097709
8800220
2767485
2351048
5479405
4860439
3041594
4673604
2796643
6576842
9928549
2344913
1893118
1991488
2195194
3474388
5657274
63348
4769589
2425201
3302866
7175026
71451
4591163
2221454
2498987
6622017
594195
