171
10000000
88730
5412788
2862995
929784
8741659
1228280
1168017
1089034
9700549
3501266
4004024
1815824
2633250
902688
3543606
4975683
2460121
4027010
2018781
6931487
5989072
5923729
2469886
2229890
7137005
8402440
8668982
1243677
2791681
6818708
724662
5894096
4010928
344749
6006536
6883499
2013275
7251105
2547782
307928
2848329
6303992
7228626
570109
3822886
556252
4271549
4105904
3081750
1611327
7746442
7406508
11432
1194238
8122380
398647
9911270
5066285
4731628
6516518
7022001
4587212
5196024
2771374
6248076
1950017
1715531
1328122
87831
3286771
1895769
4721645
5756055
498818
6683833
3619195
3603068
196468
299451
2869553
1701451
3316167
1061873
1597560
103210
23668
8531074
1109853
3068513
2931065
2751441
1607665
5836372
7976541
1472221
2408802
2098100
5774072
2184058
4022023
3704846
4728462
1179946
6268578
8718061
3129427
601995
8042189
2656746
6295154
6279768
3696008
1261714
4590
1404388
2520267
3339078
3571172
963885
1281939
1554657
1251439
1692084
1844956
1877620
551741
6385189
4803976
6876392
3919763
7208319
2132827
2132595
1597615
1014899
6631399
1741913
6660922
1358937
8771720
5202624
750384
2148508
3368601
3157999
2350298
2473316
1028027
5052006
4076271
3288508
3458375
7561871
1468926
8186545
679363
1691296
1863791
5024317
3483482
83801
2148026
3614811
4261504
672773
3013178
1512281
8258087
2896
5261626
85512
