165
10000000
5755518
5399663
8687266
8573165
3891838
1610801
349098
2084275
2447191
5526846
1239596
7917494
4845251
713405
4524961
6208013
7749364
3734520
3799752
8487320
1151367
4039513
4889224
2472314
6576367
6514663
7352305
3937725
6609518
3077034
2601796
3695130
2605086
2180841
3675362
7552429
82322
2690555
494787
2273097
8596237
6876993
606319
4015485
181082
1512680
6535924
4080998
821837
2931038
2082506
5475039
6062275
1849580
7560161
3588214
1465796
1512206
4486984
1933542
8197760
5073160
1421334
175381
2447571
7046183
4143148
3046001
6688411
320308
5883456
1955284
3925107
5597298
1403763
4131729
815842
2318174
2581416
5596638
617113
5100410
2160829
6758624
1551795
2999265
6074893
2782967
1426835
900785
5157187
2925814
381913
1439809
5697946
6071149
3239844
5154749
8863367
3785589
3184665
4600337
9099215
2933996
1986447
1020676
9650902
1225020
5977437
929122
6411786
9389416
2734654
4388232
875018
6200248
9070878
1312734
601990
72340
4278749
5876317
1825504
5661585
1190861
692790
3464076
8867
4926840
5919002
194331
477432
2170990
190704
6953999
4256093
8578666
6108162
1926111
1112750
7820143
3757
1136633
3138139
1458261
2439839
2900620
9679692
2120728
1038084
1670378
152064
3528344
3390482
1802240
2250636
2418978
339406
458545
1802311
9927660
4473154
792988
1116877
610584
