158
100000000
59908943
18181482
34529110
14577399
72087923
36196425
387631
98807334
13063238
20084467
38433929
35896930
34733758
1550066
68053333
30737132
4093926
53039711
14601663
96656262
9763196
10899968
20293073
70630888
16936010
43675628
18881786
31946667
13028733
80306068
58184878
91810571
2610844
17615598
4421931
59243311
2188233
59127840
42716019
89383134
3745076
22115298
52769375
10143690
40872160
61159433
64103070
77396587
74843831
21233250
65340426
94450003
39549558
28123762
569728
19693932
86748707
713274
39476278
1872471
29202145
62285208
14409310
33684159
9030291
99430272
17219
77884702
24898345
70155899
10147118
99286726
27803771
42619308
52487148
35842321
17043976
90236804
4175466
82068747
7502001
1793672
56324372
65444267
47512852
93502378
178741
6750192
6577696
43485549
25933437
72718260
3498156
2705828
66315841
10184765
13251293
51207651
75254647
21091312
78766750
54678095
2999466
1413019
33340865
39894907
64723526
68132782
8189429
73908029
53644317
60105093
8822170
59622460
1555609
29160219
46960289
9579961
98238943
15198586
2322760
5549997
2544807
46355683
18469144
257824
23103755
51009884
20867164
48792349
17931253
4795049
19659336
38183950
50545058
27281740
10599647
99612369
1192666
1761057
449882
23521505
39465839
75803827
2349283
89852882
86939977
31867218
63374059
10398373
98586981
92497999
43514432
42777098
62247966
6599123
57640584
24196173
