154
100000
40014
9105
92805
71000
8207
34978
79371
47677
11389
67906
65110
39793
86895
84647
31552
63841
82525
84366
16666
18288
10006
21151
11
33926
3908
41969
36159
13105
67335
18330
15725
88611
32094
12305
22578
3780
3754
20960
53025
16460
56320
8646
3154
32473
21703
26705
89992
58811
16388
35069
28722
751
55056
7195
27765
17475
51067
78297
83334
4043
9568
50095
41702
60207
10008
75242
9107
3900
76577
1560
20629
52323
8776
46975
14077
18029
85008
74941
35165
14743
12802
71180
12462
39459
7698
96246
57959
64294
69556
81971
40800
43036
43680
21126
88672
15634
76050
7548
55144
57379
12156
5407
11885
84899
22571
9873
41189
56907
44944
48025
45988
91793
18407
42032
35706
99836
56964
73377
34940
28989
17
15353
50920
3240
68448
43128
83418
52871
164
16582
32665
42170
38582
76163
99249
19267
1266
13902
21052
28754
20881
34890
85751
60541
50113
15101
22990
42970
11842
24758
49080
8293
23950
50120
