163
10000
3722
85
1600
295
4362
9367
7087
603
450
6682
5341
3061
3891
424
2326
633
8400
4762
180
3318
1804
1831
397
5212
6894
3746
1870
2639
2377
1849
219
8151
4925
3049
791
6140
780
3615
3997
8655
5837
3837
4650
6
4380
4303
7449
2399
5823
4690
3369
5135
211
2190
6003
1592
7361
819
3759
8795
1079
8
5158
5416
4295
8743
5620
1645
2055
9046
1580
8169
4286
2435
682
2556
9611
8921
3797
925
2174
1006
1551
3438
3621
8647
8745
5572
6023
2180
4053
9605
7444
3821
4212
9950
6562
1094
1257
3793
50
5238
7674
5189
1255
3570
2216
1517
2270
239
7309
1868
2232
1205
9174
8581
389
395
233
1419
1353
9219
972
2949
2003
1669
1591
7796
4878
4343
3595
2264
6254
7262
4659
7383
339
1279
345
3239
6631
6152
4130
1771
1584
342
3458
2895
4307
6179
826
4535
2250
1739
2379
1513
1830
781
149
1345
5111
954
4811
