157
100000000
42643251
79609842
5904661
96251884
32322709
30317963
38471542
57751531
10754863
8098923
31921267
33737050
18989284
21565463
27713802
43467990
35455610
973277
18513750
27068944
32934736
12103338
3405217
34100296
88709248
40134370
26406774
38486515
27212132
51694794
49569442
15043939
61388942
44978817
37183800
8124134
8684735
41387999
75800941
80741298
42248469
16512901
67004992
33536886
75473404
76801736
54103678
15303192
64777742
21689204
8623083
12618081
13596935
1660891
99026723
36476315
34060755
18590170
10124234
18792375
52153608
11441888
232771
86232411
2424205
4692470
12178536
23671974
56088508
3748116
24526596
72078727
44346415
29716913
63523685
58612396
27020464
47759173
14756162
3170859
855023
13416544
5944504
16945719
60655561
57866243
89875766
3993327
42133757
87093087
38611058
51183083
37788184
83054281
68627689
79603832
58829314
63222729
78310796
14695339
9218
5043119
23198264
99144977
20390158
54286324
43606435
47741170
24199059
89245137
50720735
13161649
15678309
96006673
32995008
18501544
35222258
48305206
54003728
3670073
41699701
98339109
877496
4991200
30190523
31372311
41170686
39344439
35226757
25189886
84650605
28154188
82913383
2693963
99122504
7915713
48120861
21132
62211816
41488071
61528458
269418
99767229
1594575
57356749
13359724
60558453
94956881
41387604
18129479
55152028
35106711
46858411
5643455
45896322
18591811
11290752
