161
100
8
100
73
17
25
83
17
28
13
56
22
77
23
13
34
38
5
20
7
21
21
68
30
15
6
7
17
63
77
32
35
38
57
70
11
5
23
8
39
54
29
23
33
22
66
22
23
1
60
27
15
11
13
36
46
10
36
94
92
23
41
78
84
92
45
54
26
91
67
25
40
6
34
4
79
8
64
3
70
24
6
52
2
46
76
2
1
22
4
92
88
1
34
23
26
1
50
28
4
46
41
95
7
61
34
48
28
19
80
6
92
8
93
10
18
1
57
47
48
71
17
12
75
13
30
75
9
27
49
16
20
20
42
8
25
8
2
28
56
10
10
8
63
56
58
5
29
3
66
72
52
63
94
59
91
39
32
92
6
77
42
