166
10000000
4797342
4778100
817139
5798476
7434617
5566290
4207873
577686
1689133
2624373
5586889
1134095
4483262
2443581
7352780
3829269
2561030
3738499
1082901
8865905
2164695
7908163
649
5438397
4532924
3201378
3791107
8011995
3809428
679610
330594
1545241
645120
2565383
3551401
6550587
5171092
2911640
760418
8172202
9651161
1745372
858474
2965797
3457716
8306725
1628584
2607044
21352
96329
6496
348839
899941
1417900
304595
3130761
1305148
1179403
5054718
268392
6389495
2196808
329283
5202658
2475580
3449413
7088360
4306917
9276356
540606
2434408
724315
5090012
5387457
1135854
143605
4777531
3816017
8754003
1810067
7708967
5221900
2291033
1115589
1375088
2293400
624274
1587867
1013362
1569707
3170193
2752739
8254628
604453
1967794
5279467
2989326
115538
4247120
6583758
1988005
5693083
8694852
1924574
8371416
1211733
2027040
2452393
3551750
309663
4520942
2307322
3863409
3533336
1430842
1994902
6448599
2318520
1342656
1066347
809198
22105
4785057
5183991
8850614
5516738
723644
9395547
4201524
9977895
5360093
1736125
1601296
3610505
2521037
2056838
862067
2091837
9690337
7350886
4473493
5479058
1827798
8454759
3624955
5308303
5285344
2949431
8189933
1128034
449960
9176365
2221467
226205
3557816
6190666
2647220
5467076
9550040
1812030
1809337
8624912
2726267
5526507
6202250
3231097
