171
1000
8
541
287
92
875
122
116
107
971
351
400
182
264
91
355
498
244
403
201
694
599
592
247
223
713
841
867
125
280
682
71
589
401
33
601
689
202
724
255
30
285
630
722
58
383
54
425
411
309
160
775
741
2
120
813
39
992
505
474
651
703
459
520
278
623
196
172
132
7
329
190
473
574
50
669
362
361
18
29
286
171
331
107
159
9
2
854
111
306
294
276
161
584
798
148
241
210
578
219
400
371
473
118
627
872
313
60
805
264
629
628
370
127
1
141
253
334
358
97
128
156
126
168
185
187
54
639
480
688
392
720
214
214
160
102
664
174
666
136
878
521
76
214
336
315
236
248
103
504
408
329
346
757
146
819
67
170
187
502
349
7
213
361
427
68
302
152
826
1
527
6
