163
100
55
14
1
37
48
2
33
2
86
66
33
10
12
52
21
36
72
11
16
48
8
85
19
22
2
40
5
31
2
60
52
8
12
88
28
26
53
1
58
9
41
15
33
85
21
2
63
53
42
76
1
12
72
41
40
45
91
46
84
26
60
6
40
12
21
28
45
8
66
13
28
70
1
59
50
83
10
63
32
7
71
58
46
24
13
92
46
37
2
33
42
45
47
54
56
95
50
54
6
12
7
7
17
36
60
56
98
5
88
36
43
19
25
61
37
30
12
23
61
14
5
82
48
32
28
2
63
15
64
24
12
54
49
12
15
68
22
8
5
37
11
24
74
12
34
31
93
5
48
46
9
34
51
4
32
29
16
40
93
43
44
52
57
