162
10000000
838407
907641
7048191
1283406
201052
77737
5007658
8376233
6152859
77956
928817
3706560
5051899
4735164
9455
353198
8909498
4306027
5970651
5555315
2879545
4268817
2911889
2252783
7590320
4554898
3112295
1489729
2939852
4203669
146884
1545722
6511623
5475435
470788
1797672
9161593
5419577
4029349
7291057
4524565
6195099
4067868
260844
4774699
7425537
9677923
4437876
235564
3572833
4861265
2202526
3057826
435140
1393316
5145103
9168952
1108439
5375005
5093818
1979123
395555
7379441
3630517
5383266
1118516
1294127
102322
3677704
5622330
4062629
187072
791502
9646802
5650824
2690965
5731183
35818
1621362
6809
4941609
2409680
4818750
3236719
5563777
8092983
5225301
4923831
4580423
3834805
6590756
4373364
6165195
3847141
3270124
9695202
831048
2620559
239579
3646808
880233
322077
7088111
8454278
1907017
4624995
2348062
3736381
4300657
825991
3108510
3804901
257419
1081047
1285782
304798
852363
4872764
3899965
4377670
494493
1681877
2570443
987874
8378638
821603
612304
3382374
391240
3383202
515328
2355301
1461853
3394491
8510271
4616734
974385
3212798
2517409
7747217
3182820
7797474
5154945
9174009
5658793
6787202
2609653
6428383
5626636
3573066
3571617
9025615
4341207
6763281
2487948
4161696
960970
6100035
1061167
4971362
1163862
2574463
