168
1000000
121486
522772
434920
121590
192865
32960
379792
656287
343713
539974
863413
291561
191895
566610
113449
680167
446948
297599
878410
183202
469222
6719
763570
730723
376016
627
40747
76425
258999
471673
225385
192459
319833
567796
82465
921391
319583
545382
2690
143462
118493
434181
298664
270015
100330
436184
26805
959253
378621
278397
268467
816798
466465
155666
10409
218542
216284
979283
439920
223048
655591
166545
150104
129020
347380
163240
518135
731372
276931
25070
81164
31784
825667
966462
27923
363474
279227
147875
231570
154303
56568
61897
79085
20122
174988
236430
239969
45515
266217
29231
260027
358604
227094
190304
119794
176798
917535
136587
303678
489915
616364
621379
434385
433390
3760
610047
258801
265920
289087
178860
21955
477228
122443
996240
388914
168977
956631
344409
33538
736649
395977
372248
522636
886551
253742
448426
398878
530778
357192
465497
827341
615855
263351
78609
95248
477364
58114
347053
459771
384145
852125
179426
821140
636830
170113
133880
701336
523024
114545
361832
611086
118132
741199
432707
89672
363170
81220
100300
18027
604023
282991
341533
644301
507698
208689
313517
974930
741001
