175
10000000
5366704
996818
8726145
4857601
2240893
548982
983186
4300186
1724122
5823161
576585
6164269
3075569
2696817
1698369
1701154
754355
7089779
4057109
149372
6809605
2852545
194227
4786022
3315426
4671031
831821
8298846
6719941
2798979
722643
5322
9645317
1236821
2536126
1405579
7986443
3345143
4042590
9286904
6109537
2586937
5164103
2239335
4664895
1077562
2290380
4897519
535682
5700949
3432748
8294667
3890463
973882
1183743
8690539
9511609
1882090
9026118
7117017
4557222
2164957
5056436
196132
2281968
6353912
959017
3449956
2515544
2275870
2678069
6087171
1063897
3199274
3224897
3203134
8275878
9012865
3280159
1686615
2189894
295016
9445696
1240330
5836188
1273855
3190395
7770164
18241
5304413
3544696
9295124
488391
1216661
8149605
1990340
2915765
632670
781413
987135
1921556
2281722
2227235
2013557
2140963
3653230
1445957
1274728
2038648
354683
4131103
790037
1309461
5442778
2882983
4097555
390653
1705333
1409073
4460096
406275
2468339
978265
743063
5926885
4229106
5234767
2910221
2039729
916637
3739092
2552750
1628008
5942891
4479690
3905423
3425892
6574302
2476553
1292737
6942400
408050
3032631
5267461
1395861
8725272
3276328
504118
3399907
6094577
3009218
3973627
2229836
5770894
228228
7961352
1262839
6346770
480825
704876
214924
322443
4733636
3794947
5393486
1216449
652308
5328969
2227841
1056826
3407457
8179375
6089638
2233046
3910362
