157
100000000
97080168
5680269
43032150
30405209
2182264
88020019
38282584
45909578
73569410
55084384
23287271
5666772
48708324
69594791
29289192
8950731
34936449
70710808
71015922
24372400
20120258
14077412
17713983
90571567
10370921
42164737
1211149
1195793
18033315
56211648
86635448
63418566
9428946
44362583
96968126
37021727
13364552
6517451
65456084
44915616
14973600
43788352
10046333
21765002
11551399
75679314
56967850
56776490
3226278
25099101
66127742
53951814
14499936
19407117
71012458
12035114
31977919
88878516
28528381
15129359
84624364
62355309
80034096
3031874
9428433
6366828
2632490
2919832
21937627
55770509
26745407
55775433
64771287
84166824
84870641
77300456
81636394
37854242
4783723
62011183
15414624
11010219
19965904
79879742
26401273
46048186
27402823
11979981
20517280
15459543
58657319
513611
15375636
62263266
95608820
15348100
20403110
8607701
9869315
15833176
73598727
35303613
63394
69627297
32801768
90571054
10413783
24320686
65256862
16241217
18904332
74130751
44454402
16236180
1014974
11121484
21299840
40327707
97367510
37736734
52097636
90130685
98804207
4391180
61279260
17697956
2229843
81966685
11015966
24296768
29043714
28984078
64696387
99486389
56460822
8081893
45131815
38829527
8680310
76712729
18363606
1921281
20520862
25869249
5320133
26924937
38656829
67198232
47902364
37688965
61170473
27654
43223510
7272614
34743138
36581434
33267321
