154
10000000
4582344
7726397
9017513
821618
982487
4680427
3177057
718803
1151939
2796066
2858069
2111893
2899281
2280710
5541094
4761150
4712577
3600708
7197110
7203934
493216
646959
3638996
645578
5623202
6007399
1216638
7683178
2652283
296839
3760845
4000961
5999039
9061929
330628
1873238
7670
9096385
840584
1500025
4743263
195395
1255741
3930927
6253545
2098108
5417656
8530981
6300650
2273603
1260955
6459306
8744259
8288719
975125
260145
3880669
1388646
2160355
1273624
3846475
7166783
3992601
9028045
5287423
581113
29169
882190
8918237
1827765
125593
2352306
4616572
5156909
9468722
7012987
1360247
2922732
665235
5567563
1188746
592081
1335853
903615
9353041
6991771
2274094
7501085
8664147
5188531
8811254
573647
9136255
3427827
9970831
4252662
1669542
3716023
4458906
863745
3008229
2079680
3442103
438447
5550348
6572173
5002611
3510190
1164883
692953
8907033
6970211
6952550
221715
5747338
4724962
531278
2643620
3699350
6283977
6557897
3308104
2392403
6390203
8767834
3726928
2114414
7818717
419657
6399292
1282277
2682736
3326798
2392680
6981054
4580003
9703161
415769
4887411
938071
4432437
591360
1232166
1765514
3018946
5112589
2903432
971955
7719290
2987013
4376798
6909270
1468125
1711281
