173
100000
57096
5279
14154
42737
20854
10652
11157
33334
64414
44392
74844
29925
32059
49933
59578
68
38359
40111
58129
30305
20992
8195
25896
16135
6428
6246
7705
55608
83050
25156
20716
66926
1226
2679
44578
15394
66205
20815
50773
2984
27467
22415
4449
8111
83577
8494
49023
3623
34243
28120
90663
55422
30240
23704
22922
19190
47953
60343
49805
21992
41000
54393
31225
48580
83424
45607
690
15950
58831
16232
45548
36992
48387
6082
33019
3731
94235
24535
44861
28760
26800
38897
14880
65200
41169
21381
12366
59956
30723
41950
31255
6826
2155
38544
8549
1754
84050
89679
50195
19651
33795
31300
85123
4404
40692
46645
25099
68412
61459
18434
48102
35317
39657
88843
68707
19229
783
14877
20254
1539
41722
78143
97773
5765
31588
16576
2269
29664
46861
16516
3060
36767
28693
2628
46506
33619
63233
74104
15296
5131
24090
25797
97321
58459
4584
16103
12744
10321
8482
30841
53139
18007
74935
41541
2227
34368
46053
31440
76296
5476
66981
31531
31137
16129
11715
19691
83865
12358
55095
21675
43895
96269
3945
