162
100000000
93848842
31878788
74548983
48232263
19566
67966558
21138253
28796437
25209960
9145382
5495100
6029390
45493017
26843704
91028515
29912227
64848654
91026215
51067573
80395604
38486539
21456576
25451017
11287134
77413366
5670587
64536760
79086796
38692763
14516952
222988
26832238
39353282
16293458
13939149
16268002
56375716
7295499
18030929
1758985
29268372
78569465
36149811
22586634
30201927
6651002
65804578
12732899
51410819
11477933
86470003
18094293
13413439
92704501
69853285
31918094
6151158
1000183
822436
42095428
82388459
23297823
27475842
51767737
17321944
26091237
22215407
58755194
19711130
7025120
52976487
69410625
46625330
28134354
65058287
88522067
30146715
13529997
11257365
8973785
24250484
20585566
14953901
17611541
11767822
36124603
45819260
39998393
46456003
32097705
70378906
60076322
17597215
48589181
34195422
50647418
3785656
16931781
35733159
98124185
43714937
5099032
56767838
15417227
21916735
54085065
71135963
6014318
54549429
19245466
13346677
12246702
3776599
19604396
18661285
16815744
44140717
97582353
8971485
34941713
94329413
46200298
16780398
61114563
43259939
62123229
29137028
99777012
7499003
83184256
87267101
28844471
3365535
15077016
25779054
25511367
49352582
41244806
29621094
5934035
26141455
79414434
2737852
26068155
73858545
1875815
61307237
2417647
18253522
24368485
98241015
33654088
56132485
71203563
58539127
70731628
21430535
17675099
3757137
21286374
39669254
68121212
