157
100000
97081
5681
43032
30405
2183
88021
38281
45908
73570
55084
23288
5667
48709
69595
29289
8951
34937
70711
71016
24373
20120
14075
17714
90572
10369
42163
1212
1195
18034
56212
86636
63419
9428
44363
96969
37022
13364
6517
65457
44916
14974
43788
10047
21764
11552
75680
56968
56776
3225
25100
66128
53952
14498
19405
71013
12033
31977
88879
28529
15129
84625
62356
80035
3031
9428
6367
2632
2919
21938
55771
26746
55776
64772
84167
84871
77301
81637
37855
4784
62012
15415
11011
19965
79880
26401
46048
27403
11979
20516
15460
58658
513
15375
62264
95609
15347
20404
8608
9869
15833
73599
35303
64
69628
32802
90572
10413
24320
65257
16242
18905
74130
44455
16237
1015
11121
21299
40327
97368
37736
52097
90131
98805
4391
61280
17698
2229
81966
11015
24297
29044
28984
64697
99487
56461
8080
45132
38829
8679
76712
18363
1922
20521
25870
5321
26925
38657
67198
47903
37689
61171
28
43224
7273
34743
36581
33267
