166
10000000
5110031
1998844
1193938
1146012
9547817
767909
9920494
2200522
365082
79506
3380914
1367673
3658966
6066785
1923236
2131628
9465721
3815797
4384959
3933215
1010814
1007333
1413790
8169878
5058083
314280
7868372
4821313
9634918
3967221
5916648
1920083
1015214
1397260
7431390
2001182
2807091
3155648
2637971
534035
9232091
1797773
2750515
2662856
6178489
3455775
467620
6481617
2550107
2083683
8065323
9994811
6468592
1604934
2779154
5021926
6457375
95338
808518
642342
5615041
242731
3580857
251241
3114828
3854757
1204084
1186443
153260
5189
5444841
6552794
617162
1081839
224480
5493134
1362064
8927478
4335732
1072522
9775520
7832468
1092566
5034158
3093076
9276169
6663287
3532957
4556800
1364323
5401
2049019
4017128
298923
9102281
7775422
2224578
3366089
132730
904467
4889969
6393884
1934677
534178
4616434
5383566
739744
6048717
4137648
6622285
8176537
5862352
128888
3821511
948714
1720452
3999979
1759284
2605698
4210634
3518383
783058
2568610
6321930
256211
843913
9382838
1823463
5538456
258333
2418119
9465822
181065
8737945
3951283
3659952
1885257
239591
3957333
534279
5443200
4461544
761074
8635677
897719
447919
456832
1789387
1123870
1441138
9578876
178393
886862
2460786
9685720
7855643
240271
6032779
3447206
3221439
6212146
8714521
6798546
6241455
1285479
282275
