158
100000000
54318725
7340621
26569024
12244370
4108086
14698045
16345151
28552389
64323403
38350
19974716
25994102
61761528
10490540
43320732
38037988
18496750
33977093
78736689
38629531
52956482
179540
47385647
56083190
44535162
72900014
75562944
10801774
75784543
4657535
50627965
61370469
21883994
84762748
45010498
30036991
7500121
4202916
27099986
25942655
14496403
44056270
56304772
52905570
82296526
42482423
26437113
71730196
14290341
37505428
53782236
79110421
2078842
6411382
20485757
6907966
85985550
45481925
77088283
42654905
29830622
18194976
15041141
32576118
14014450
5574762
34770395
92441017
40885649
22911717
42552584
57447416
97343608
145848
32800153
38415888
6801235
22294534
45681275
8347709
5139966
38596448
4989881
30814972
95087562
2956799
13413683
93721292
68580115
55119699
976973
31996464
60572070
61403552
35676597
15905153
24437056
95010119
39093584
47043518
61963397
17550950
23402134
31788063
38396849
41035964
7558983
79160180
6772270
59114351
35433617
31776902
66633990
2656392
21352265
46217764
20889579
73430976
21263311
73082860
20839820
17460857
7737131
45309645
61962012
9783039
6278708
28269804
2466079
29404887
52274938
44591185
73805750
32789481
25305274
31419885
36278838
44880301
12092445
63261412
81503250
78116006
56679268
77705466
1108574
68003536
88631982
19195776
67199847
11368018
18853629
4912438
9366190
55943730
99854152
83935177
15885283
17703474
