163
10000000
1190375
4864817
1372483
951289
3118616
6506478
19092
707445
738960
5702399
8373688
2255468
1279627
5135183
1577792
9157587
1959901
3339637
5127310
2333337
51825
733357
4628116
686525
375852
1636306
316957
9378579
3493053
1530836
7880774
3772529
1896430
6996329
776797
3741536
3982923
9006847
5719029
5927907
4172932
5618691
1626312
3669554
7858134
3282554
9304075
1165739
9143033
2121880
4009738
8393547
1739769
568242
1695364
669305
2711918
435409
2262994
6348137
5647812
3291413
290093
1346775
144668
4140824
2802446
7374920
1261496
2696654
8718082
6204018
6661561
2625080
3991916
3669926
4698794
1230798
6330446
2381078
856967
3130135
222389
1007749
3338439
2141866
2665164
4566972
2119226
2074864
9449339
7435182
9048711
5371884
173896
2774464
5395322
7698748
7666663
1658632
7909172
2301252
5782338
3003671
7587411
550661
4540
6017077
2774396
6927494
5569142
7194335
2090828
134035
640647
14117
3703542
851733
323848
264875
1606453
621421
7179270
4821016
3938957
4454585
2252425
6583176
695925
6690545
7641235
7618922
9266643
5859176
2805665
2314412
5588249
2412589
6291918
410115
4604678
9261040
3416824
4109241
547736
2564761
2564818
433883
9148267
2222737
2029828
103297
1241097
2180083
6718638
928878
4880696
4976111
1281918
9980908
521728
842413
3395879
