163
100000000
68225398
16739756
60402658
46504274
39597342
43643584
75542851
33651129
9168382
47949862
2536913
26185475
67281579
95793148
1876024
31552403
20484145
18310445
4013614
94657656
16060591
4657540
3641886
3746233
39297954
18001
12738368
50206339
47785773
61388849
11575479
12626181
98783060
4206852
88340364
26802404
3384051
10518824
11936189
20422761
60588455
30377127
29234635
8793240
68447597
52874506
13519951
49404375
79577239
45533173
51482804
8673671
53055492
57163789
16552807
26449497
53737147
3979791
17705829
40438760
1216940
83447193
8562034
31552740
39660762
40003938
60255882
36691109
87373819
59441559
22210960
41404814
40078523
36348221
54895304
67177531
56798521
66224235
34274250
32822469
60702046
15193163
37153371
37892242
20340142
29257825
34194447
10251147
40134341
83526941
7679845
55407616
40278943
14806065
45061279
54229362
79515855
33775765
79890736
59865659
26155520
12132367
34134240
91437966
5342344
89328485
43035598
49793661
59721057
8685659
18419006
97440301
40748593
2559699
3606129
29758260
34826396
54938721
16473059
16400559
35474471
59561240
8060404
46262853
46183849
6899083
30340935
40163396
1780117
26309453
44824017
27232924
20109264
47067891
39744118
10671515
52050138
32585064
6284191
35799144
64609460
59251407
69622873
45770638
67270216
8202618
23173849
11269717
4540212
7335071
36146376
10153720
99982703
18989981
55175983
39325908
43716092
32285733
32718421
33324033
17297
21073098
24261091
