172
1000
113
27
299
10
217
80
130
448
528
604
153
527
935
65
36
100
796
1
405
101
580
735
179
395
321
272
788
692
9
188
991
564
794
88
15
372
49
38
17
246
618
351
217
46
264
66
342
19
457
208
435
261
24
23
9
457
6
156
346
349
717
397
115
265
719
287
121
16
290
181
16
299
627
1000
80
981
949
115
307
17
197
82
679
241
662
375
701
705
634
733
212
9
594
964
419
267
201
243
320
116
106
976
98
9
322
93
485
170
651
308
212
420
189
373
479
22
163
161
472
191
95
549
527
82
235
16
427
282
366
694
724
5
176
159
369
870
353
281
585
350
830
737
117
647
402
983
147
295
462
552
338
191
234
283
19
83
884
177
962
204
337
612
994
108
847
266
51
302
114
143
654
565
