171
1000000
220194
175638
388975
96068
360994
903932
787004
267721
973067
713439
165977
330412
762133
316365
191215
409651
238016
284388
647294
16937
181212
35665
16748
432156
118
43452
513
996358
118823
425628
480081
41229
39760
699106
214399
326830
683635
106237
519919
9942
574823
300338
255026
23707
131501
173492
301591
956548
698409
43368
411447
785495
91535
497924
231193
189447
497422
738255
705670
59560
130658
75452
297761
369405
83291
946211
699662
154696
48756
114700
417260
717627
304860
489579
432971
265229
53789
18761
751260
464481
81639
945503
134040
518582
768807
439038
270607
44995
711968
590349
230920
68460
146478
879752
815881
212996
517859
29671
115473
630595
164263
222274
328584
327719
37627
320179
672281
308186
129064
808785
908465
336601
342193
3642
560962
26815
89800
331133
305800
191273
487422
73933
502686
256927
286561
342813
751235
525103
318758
214505
567029
104400
246803
212302
881180
752532
237394
695140
123603
216464
2634
473481
156228
36086
346158
474521
553069
464845
90289
364856
416428
130316
482141
20394
46095
567844
583572
261745
54497
127297
524780
477202
88077
284246
120248
184119
316305
720650
689724
361063
90650
