173
1000
144
112
74
344
126
83
299
487
75
657
7
174
87
8
815
149
140
342
201
727
208
99
214
118
972
328
159
304
154
151
465
435
673
610
160
81
210
597
754
746
172
241
250
952
96
491
577
16
649
81
360
192
741
335
327
56
95
213
250
658
177
604
185
74
960
658
504
888
57
192
172
295
105
209
39
230
862
698
775
283
61
4
901
775
80
99
792
330
59
12
422
526
43
395
915
913
193
513
7
481
860
445
391
523
733
342
326
652
1
335
71
719
129
314
138
290
519
225
351
259
278
33
265
298
275
779
23
41
221
705
474
710
107
728
9
449
842
2
642
487
28
48
720
221
41
600
100
391
115
141
45
151
955
772
147
40
390
252
418
731
94
722
149
386
302
416
28
279
46
420
307
83
742
