162
100000000
43833469
65974393
80409423
94795932
57688941
34086620
20710741
19590577
36061858
23535643
36570585
72940739
39086502
29073519
63757575
34521659
63429415
36242425
31400114
36807160
30405188
46040509
42276506
93250660
5475704
445976
6731069
88872169
24493404
4899770
50543051
31609156
38821250
65788812
66368512
3675103
14998005
4835294
38626686
81122572
39586843
37665017
10990199
65268772
9098858
34211188
52136310
49456949
3535474
42572747
63549834
12751432
75753785
35933116
80730694
5676415
7167389
5204068
68599886
12264969
67308176
12028636
2821638
94323585
17510388
23026922
69087210
19187706
50419919
1644874
7553198
96324897
95164706
6749340
32473890
60791208
7571311
33863562
73464480
67526110
11127831
22614474
53664475
54826731
97289395
2416451
16520580
55746921
92400596
96248370
23265462
69883425
26826878
7599404
58536745
14879875
33560795
5257917
12914523
24351299
13302004
39208792
18119718
39706570
44883215
8170130
56268708
60293430
2000367
32586916
5952973
39132
9025132
6048783
53687407
69594812
47863690
99554024
41235659
30834453
11868073
67413084
20152644
25568726
55186928
18877428
22702592
16487835
5762147
41463255
76973078
21253223
30912790
30154031
26401867
24246457
42271927
45173269
16525486
51604153
33631488
3751630
12302317
26693354
12061256
34643888
63192840
87697683
66779175
2710605
38490932
2135148
60403853
30116575
19269306
7514275
49097965
10198063
29907801
34381455
32691824
22229125
