168
100000000
22208475
2946300
4200817
40490078
7421405
47976326
16084591
4422180
12275689
16724961
10339807
6957920
9420615
8755651
34751774
25124821
2222696
48639394
16654660
63253281
56099002
98012121
70140341
39304932
94721271
19752958
52899089
65248226
4227883
38711296
81128014
16338244
8923663
29607126
54589908
1987879
18110864
63378509
80465541
52023674
16979116
2525168
45378928
61890230
1121883
89531160
67999869
19521198
2371209
50335383
41745654
74881438
25011963
72986416
4885314
74875179
14789629
41673227
32849614
31143587
19004518
83626255
25304409
14855361
51360606
38604506
89863481
44729702
36661715
97732664
48938234
52362412
48313743
58684395
7400716
16726305
81461063
72004870
2454346
8035059
14254330
19192704
60662979
71273748
88758924
57371410
94050932
351477
25811406
31550899
1282993
45760328
34167948
53370393
19534459
69284252
51712475
18159714
54239672
58017811
23565689
5344334
1912100
42628590
65057576
81840286
10468840
27299228
9077679
16797051
83345340
46629607
67759126
19519852
97777304
2909653
22943947
27995130
22666735
27753217
5278729
10136519
43900998
2267336
32240874
91244349
72281211
12859431
2496596
18461211
10260331
47637588
14804236
10201497
16373745
28456174
77056053
30251907
11692496
5949068
3117924
7465156
45232660
36035382
33326373
74053174
5395493
46651513
11241076
61027696
31562564
32089
94604507
5597364
12298364
27013584
15021015
10192793
4630821
19445302
39162517
18520509
27718789
74988037
17313105
92599284
17176189
35463726
