172
1000000
112730
836
298276
10976
217082
79698
130662
449193
527606
603136
152490
526793
934646
65354
36189
99076
795674
494
404248
100476
579211
735122
178043
396655
321243
271267
787637
691668
296839
187728
990265
563450
793789
87530
14254
371113
48496
37207
16337
248342
617500
350213
216918
47175
265586
65354
342890
691278
456154
207960
435664
260087
24601
50690
10290
458003
6855
155186
346139
349404
716173
396443
116137
264878
719889
286881
120532
15171
289172
180728
15204
965847
699570
999666
82760
34153
948222
114381
306327
17133
196513
84089
678757
240156
300430
374086
617855
705420
633694
732392
211061
9735
593599
963811
420213
266681
200956
243457
319131
116036
105529
975399
97102
9698
323926
95544
484986
17840
650596
308332
212363
420789
188975
334
149849
966989
162944
160631
471109
670974
94380
548994
526394
82722
234646
17342
426697
281738
365506
693207
723232
4991
175008
158454
368084
869338
353808
280111
584704
351798
850151
736550
116462
646192
403346
982867
148767
294580
461418
551561
382145
190757
233924
283827
18477
82387
883964
176843
126761
204326
336244
613726
993145
109489
847510
266976
51778
302566
10446
142438
653861
564336
