170
100000
75837
8506
4124
23321
18336
38645
97832
49216
5990
34632
23797
8235
57174
46058
13002
30056
48410
64933
18613
8448
13847
69944
22959
6075
8943
8328
43877
67860
15459
34601
69798
18714
48850
38289
17929
21746
64455
11270
35544
23584
37060
20361
18174
1462
70159
7506
33663
18801
26539
55907
34832
24163
65168
77270
21636
63962
46070
91368
23226
32216
6694
5015
53606
22334
2296
76999
10052
48324
48793
4061
8837
30202
22347
89859
95876
59595
36833
37974
7716
45646
336
12937
68159
54354
14328
4763
48747
520
15676
31899
30866
25642
89948
2829
56123
30793
5924
57784
22730
11999
1341
35421
51098
6257
43259
60813
50784
28583
29063
37800
17077
51007
38829
21444
53930
25288
53431
32780
98965
13501
25385
62950
8748
16793
9623
51253
5160
51590
42258
5728
64579
13424
1035
72989
26152
17186
41284
21780
86537
35545
31841
51676
36569
38772
35067
61355
21710
22422
10928
7393
52274
32
46569
2904
13311
77666
80501
10141
1648
63471
30555
62940
91057
37871
14880
92607
78556
60435
18990
48993
