160
100000000
3259150
38371745
4933278
84417189
62098704
68745127
45869039
57244267
12915845
32077370
60149176
8629164
2169226
20381507
20435885
98379748
33041578
14963257
9441360
62543949
54297567
2371821
77712881
40557064
84155267
1087685
14421873
80494485
3362008
48106060
9819530
89745013
9147725
8649024
67532738
24346526
4383988
8849173
23236712
22572385
85184198
43989150
1010175
61126182
65646499
88362283
42569089
90558640
14704621
83132217
38873818
3156872
1468770
48524
8323379
881476
42009183
24553383
13589016
21554635
1620252
17365965
14347086
64904212
10337724
18539686
54190776
65668141
11637717
53212310
5750716
31462138
85615385
72791439
77177035
9700238
15534287
66958422
31641091
39414436
17181095
23705462
41210127
17907162
21376101
74065607
47381686
44259828
45702433
10254987
28790206
61505363
42763853
55740172
52267623
21388426
68706268
39415164
97554391
37456051
54130961
68618233
79564115
5631765
68090874
37348852
65099759
50652475
812251
16424697
9932361
20163458
74201489
41981661
38494637
27733257
28041948
27208561
3169191
14815802
8401092
81477706
1905612
57990817
23534724
31293732
62655447
35052203
80716704
63707685
62909769
5654252
16407775
45808247
32344643
63183721
18597526
51247582
91676621
43630818
1240112
2445609
35095788
3897091
12563846
32467262
76294538
31201800
34353501
75446617
58789873
19505515
45044028
96102909
4422410
2446517
54900778
10520700
13698592
37090231
