166
1000
480
478
81
580
744
557
419
57
168
263
559
113
448
243
736
382
257
374
109
887
217
791
1
544
453
319
378
802
381
68
32
154
65
256
356
656
518
291
77
817
966
174
84
297
346
831
162
261
3
8
1
34
90
142
31
314
130
115
506
27
639
220
33
520
246
344
709
431
928
55
244
70
510
538
113
15
478
382
876
181
771
522
229
112
137
230
63
157
102
157
318
276
826
60
196
528
299
10
425
659
198
569
870
191
838
122
203
246
356
30
452
231
387
354
142
197
644
232
135
107
80
2
479
517
886
552
72
940
420
998
535
174
161
361
253
206
87
209
970
736
448
548
183
846
361
531
529
295
819
111
44
918
223
23
356
620
264
547
956
182
180
863
272
552
621
324
