159
10000
4789
2823
1238
8777
2997
2735
1723
4342
1711
2491
3341
3973
2143
3190
5724
383
4895
3515
2652
6277
5641
2694
5758
4542
6480
248
1644
201
4944
4501
4322
3102
1711
4148
4304
3908
1641
8789
9752
7057
726
3030
3754
3518
2042
2259
8359
8080
1751
791
8198
544
6155
679
1858
1360
5486
7265
3630
990
1736
8142
4362
2401
901
5105
4895
310
5105
3605
3072
1457
1802
1202
146
351
5566
3715
7177
5835
5163
282
7147
8
4165
4434
2417
1920
2226
5852
5868
3152
2853
5802
3249
9213
17
7306
918
2743
1396
5598
2303
1384
1163
315
3220
1192
5211
1362
1753
2074
2880
1455
5108
8264
4838
5418
1202
7763
9854
888
3520
3700
8946
4188
2807
3650
1324
6396
4705
1054
8545
5696
5458
3081
5499
3604
1427
3143
5204
6370
8640
1512
3868
1195
305
6928
787
6975
5812
5470
5655
7193
4547
2237
4242
382
4093
