164
100
6
27
42
37
56
42
56
42
59
6
97
32
96
66
4
33
94
32
66
39
26
27
54
20
52
47
6
100
18
37
39
36
14
71
39
8
29
66
48
59
81
22
22
25
2
1
14
77
11
5
11
13
42
21
2
10
53
3
8
16
2
31
17
17
4
27
49
42
6
44
39
31
13
24
63
37
15
1
100
19
15
54
74
3
47
53
76
7
10
48
50
5
44
92
25
89
13
44
26
23
41
77
83
85
29
13
74
16
9
64
32
51
60
28
7
9
62
49
21
15
87
22
89
32
66
1
58
40
56
2
24
40
28
19
73
36
2
15
4
18
19
68
58
16
26
42
26
90
8
60
39
38
29
52
10
47
39
11
10
48
41
36
91
13
