157
10000
6179
9173
2628
2155
4083
576
9700
2646
2865
4672
174
6807
2978
3743
979
2775
125
2567
4440
9253
9436
571
6357
4916
2028
4736
1461
3132
827
4256
2077
564
9423
9826
3135
1306
3689
9474
9379
220
5079
26
8694
7162
8084
4756
2635
292
6145
368
2360
7010
12
3290
7006
5036
105
7198
2145
6698
2882
7372
518
1053
5264
5067
6257
2838
5644
7621
8947
3601
5384
9056
1916
7767
4921
4765
4806
8
263
2802
7135
4808
206
4356
387
747
2086
166
374
6805
1564
1244
6350
2268
9507
5067
577
746
1780
2379
3193
5114
558
7845
572
6399
2885
8334
3487
2730
3235
3175
2279
7914
3604
2208
8987
6868
1364
4616
5936
1666
1477
526
621
190
9424
5084
2071
4994
944
2466
4597
5006
973
1651
7007
1574
6009
4964
79
577
1092
442
1380
4818
2233
7792
5577
6932
1522
2192
887
2459
2735
