163
100000
33959
43363
31887
76860
31227
7698
10818
45367
19956
59709
23921
50354
23733
74958
37454
7521
43607
68113
22991
1500
95519
21020
4442
18888
8562
44839
70910
47870
8000
14635
4290
26960
80548
22319
45983
22788
6137
4550
65219
16746
35149
64118
36355
37044
13909
1537
6376
91708
24706
23523
6678
15045
32223
16598
54910
44228
53161
12425
30283
66555
25042
4
19057
23084
38216
19562
15818
66384
41230
74076
19452
34227
38866
25924
99879
22434
17287
41854
11697
20756
67347
3850
55161
32653
22708
34659
34124
56909
21560
77212
36875
4384
26030
67225
25508
73767
22079
12771
33073
83254
22008
30241
36269
7855
26233
93863
64851
61331
29678
40674
65769
4481
23140
29326
58146
22295
25760
57355
56637
77292
4792
76480
38541
73970
52327
67777
8743
121
45040
7147
45439
63357
13714
17390
988
51171
18206
23520
99729
93322
15483
26064
16527
39433
16320
37295
36343
38669
77681
77705
59326
48829
58770
271
6041
1203
44258
45496
80044
43387
7934
45090
85103
