175
1000000
536671
99679
872614
485761
224090
54897
98318
430019
172412
582317
57657
616427
307557
269682
169837
170115
75435
708978
405711
14938
680961
285255
19423
478601
331543
467104
83183
829885
671995
279897
72265
533
964532
123680
253613
140557
798645
334513
404258
928691
610953
258694
516411
223932
466490
107755
229036
489752
53569
570095
343274
829467
389047
97388
118375
869054
951161
188209
902612
711702
455722
216495
505644
19614
228197
635392
95900
344994
251554
227587
267807
608717
106389
319928
322490
320314
827588
901287
328016
168662
218990
29502
944570
124032
583618
127386
319039
777017
1825
530442
354470
929513
48839
121667
814961
199034
291577
63267
78142
98713
192156
228173
222724
201355
214096
365323
144596
127472
203864
35468
413111
79004
130946
544278
288298
409754
39064
170533
140908
446009
40628
246834
97827
74307
592689
422911
523477
291022
203973
91664
373910
255273
162801
594289
447969
390543
342590
657431
247656
129273
694240
40805
303264
526747
139587
872528
327631
50412
339991
609457
300922
397363
222983
577089
22823
796136
126284
634677
48083
70487
21493
32245
473364
379493
539349
121645
65230
532896
222785
105681
340744
817938
608964
223303
391036
