161
10000000
1299738
4478067
8762140
4925599
4974876
105434
2437271
6583076
5499401
6895947
1834134
142358
7779223
1604551
5502224
2558668
6511012
3808776
2220777
5028396
5025124
2012825
5035781
1167922
1212882
5062191
1133872
3988960
5779947
2650908
866633
5926359
467896
7387618
4899003
1574373
4492688
8932964
54302
6504581
4011133
1099349
1502432
1013337
7180469
176744
4076485
3351129
5088
2239750
7905308
7026909
4407247
6774028
4379803
1883946
7071935
3647135
2819531
3198469
866587
6543164
5521933
3680313
544171
2572386
1652505
467735
4591160
850038
7643332
7996099
5385830
971907
2731854
2487774
3488988
5309711
6388803
3270958
4964219
1702800
711501
2612382
2609443
2590697
2003901
4790424
4686076
9002784
3194612
1159055
1353866
1237860
6990563
8347401
534298
4530230
351204
5486232
3565214
9950792
2629663
2393011
4073641
6729042
2482082
997216
3611197
1169845
3620088
379774
299109
4827105
946003
1837557
8347495
2356668
2928065
1107503
8630674
4614170
4585028
2510833
4170801
1748260
375300
6982182
85952
3420380
2973091
6763929
8189150
6896995
184562
8892497
1882205
1652599
7213668
7089320
1369326
5414972
549405
2910680
200449
2890965
2938234
481754
2732030
9815438
2094692
9532104
3053
8497568
8395449
4937809
49208
818626
520675
310486
9700891
