158
10000000
5431872
734063
2656902
1224436
410809
1469805
1634513
2855239
6432341
3835
1997472
2599411
6176153
1049054
4332074
3803798
1849675
3397708
7873669
3862953
5295648
17953
4738565
5608319
4453517
7290002
7556295
1080178
7578455
465753
5062797
6137047
2188399
8476275
4501049
3003700
750013
420292
2709998
2594266
1449641
4405627
5630478
5290556
8229653
4248243
2643712
7173020
1429035
3750542
5378223
7911042
207885
641139
2048576
690795
8598555
4548193
7708828
4265491
2983063
1819498
1504115
3257612
1401445
557475
3477040
9244102
4088565
2291172
4255259
5744741
9734361
14584
3280016
3841589
680124
2229453
4568128
834771
513995
3859645
498988
3081496
9508757
295680
1341367
9372130
6858011
5511970
97698
3199646
6057207
6140355
3567659
1590515
2443705
9501012
3909359
4704352
6196340
1755095
2340214
3178807
3839685
4103597
755898
7916018
677226
5911435
3543362
3177689
6663399
265639
2135224
4621777
2088958
7343098
2126331
7308286
2083982
1746086
773712
4530965
6196202
978302
627870
2826980
246608
2940487
5227493
4459119
7380575
3278949
2530527
3141989
3627884
4488030
1209243
6326142
8150325
7811601
5667926
7770547
110858
6800354
8863199
1919578
6719984
1136801
1885362
491243
936619
5594373
9985416
8393518
1588529
1770347
