163
100
66
24
1
8
5
6
46
46
83
40
54
78
67
17
30
65
18
71
44
42
31
45
43
12
4
33
18
34
68
35
55
56
9
43
17
9
31
47
27
57
61
5
51
42
22
34
29
57
76
13
15
100
38
61
35
63
8
95
45
22
45
62
83
3
78
53
33
8
27
49
10
33
29
76
2
56
65
44
31
3
27
19
36
12
14
27
73
18
35
36
18
69
11
74
9
28
22
72
99
3
5
53
17
49
17
83
1
39
9
65
5
3
54
17
1
87
37
38
71
46
22
55
29
11
13
32
31
39
6
62
44
1
52
37
48
4
14
11
4
25
26
49
11
73
20
69
44
32
2
60
34
96
19
39
31
43
16
11
50
64
82
25
18
