156
1000000
554275
940110
348382
4733
293785
917443
352151
167275
319523
52326
580
627241
995137
321533
52540
265623
436812
378756
494664
665055
379154
319512
504054
728212
558337
505336
586213
180538
706215
17101
121041
408869
280878
372759
201308
512375
383650
595599
137130
245656
429700
334695
302457
294445
144931
375524
106037
326280
221971
445978
256387
815255
386298
216047
2287
402655
585609
404401
667816
17565
375279
657355
192568
739202
90571
743613
134555
733797
203242
552679
115776
347293
616350
154815
415728
419620
481761
124795
584272
602636
497926
277038
252343
468328
194598
322264
783953
764578
46221
17746
549289
988846
11517
151210
212375
310932
332184
56689
82557
235422
914574
651618
805402
253716
893963
625886
459699
426519
271788
235990
35062
236839
59890
458506
197815
205606
233603
680488
163499
427401
476870
202980
714235
120398
308325
754344
16759
470060
11154
174210
624476
281400
691675
481302
4863
260798
79728
689068
982254
595309
548752
696697
250288
336767
150077
184745
39205
572599
368992
397364
700254
441663
434208
303303
363742
523130
