157
10000
4264
7960
591
9626
3233
3032
3848
5775
1075
810
3191
3374
1899
2157
2770
4347
3546
97
1850
2707
3294
1211
339
3411
8871
4014
2640
3849
2722
5169
4957
1505
6139
4498
3719
813
868
4139
7581
8075
4225
1652
6701
3353
7548
7680
5410
1530
6477
2168
863
1262
1360
166
9903
3647
3407
1860
1012
1878
5216
1144
23
8624
243
467
1218
2368
5609
374
2452
7208
4435
2972
6353
5862
2703
4776
1474
316
85
1340
592
1694
6065
5787
8988
399
4213
8710
3861
5119
3778
8306
6862
7961
5883
6321
7832
1468
1
504
2320
9915
2040
5429
4361
4775
2419
8925
5073
1315
1567
9601
3299
1849
3523
4831
5401
368
4170
9834
87
500
3020
3138
4117
3935
3523
2518
8466
2816
8292
268
9913
790
4813
3
6222
4148
6152
26
9977
160
5736
1334
6056
9496
4138
1812
5516
3511
4686
563
4590
1860
1129
