161
100
41
48
70
66
33
46
11
12
60
2
41
52
45
20
2
8
31
90
61
56
18
84
33
3
41
62
5
98
40
34
60
25
50
17
23
19
60
39
4
37
40
28
7
16
3
55
4
59
13
7
61
46
38
20
12
5
55
80
33
16
5
4
60
8
47
16
48
27
6
30
55
41
57
19
76
15
36
19
84
52
2
67
46
22
54
32
95
40
4
52
69
16
69
32
80
65
10
13
40
9
5
28
21
50
59
16
19
40
12
20
60
22
36
41
32
89
13
10
50
5
47
32
51
44
44
9
80
33
32
1
31
8
10
38
62
59
54
45
41
68
27
37
10
11
99
88
25
68
35
54
40
1
30
92
48
100
10
37
30
39
35
