152
10000
4198
4146
315
3335
4315
1033
2569
2757
1919
93
7389
349
5854
5796
3364
8894
1764
6140
8203
3990
1247
2801
114
710
5123
4742
1629
2462
4814
5010
1804
9695
9886
8975
3430
625
6366
3930
2949
8061
2440
891
1124
6570
562
2032
2405
2168
5676
1985
6954
276
1797
4408
4589
9247
5148
6636
1196
367
295
9676
5453
3358
2402
9943
4547
8920
3
9651
7354
6070
6937
305
1824
5411
1522
289
1106
1209
57
158
4287
2772
8753
1939
2611
7051
8292
4547
3719
2645
8015
6843
8967
4392
693
2077
4852
6955
795
6774
1080
9148
7750
7571
1900
2250
2944
4554
7832
766
4484
2664
2429
1056
1137
255
4204
4064
5713
7228
3135
8851
852
1149
3397
1984
213
1453
2356
7644
6591
5698
4121
60
3063
5641
9907
324
8176
2018
4958
1704
1388
3157
3409
5939
101
3010
4946
4990
