163
1000000
119036
486481
137247
95128
311862
650648
1909
70745
73896
570239
837369
225547
127963
513519
157778
915759
195991
333964
512731
233333
5183
73335
462811
68651
37586
163631
31696
937858
349306
153082
788078
377253
189643
699633
77680
374154
398292
900685
571901
592791
417294
561870
162631
366955
785813
328256
930408
116571
914304
212188
400974
839354
173977
56825
169537
66931
271192
43540
226300
634814
564782
329139
29010
134677
14466
414082
280245
737492
126150
269664
871809
620402
666156
262508
399192
366992
469880
123079
633045
238108
85696
313014
22237
100775
333844
214187
266517
456698
211922
207487
944934
743519
904872
537189
17389
277447
539533
769875
766667
165864
790918
230125
578234
300367
758741
55066
454
601708
277440
692750
556915
719434
209082
13404
64065
1412
370354
85173
32384
26486
160646
62142
717926
482101
393895
445459
225243
658318
69592
669055
764124
761892
926665
585918
280566
231440
558825
241259
629192
41012
460467
926104
341682
410925
54774
256477
256481
43389
914827
222274
202982
10329
124109
218009
671864
92888
488070
497612
128191
998091
52172
84241
339588
