161
100000000
47484095
21349042
52515905
24322890
51285920
46143508
67467819
30536080
16164769
26179129
99169316
99149565
58435058
78539845
2145557
47842992
34643081
73862655
97759759
1239138
36599931
50192469
31923547
62405686
61175719
9264032
27735467
9004543
12804309
18644382
59666467
2240241
22576862
48991296
11787028
12002590
65356919
99936637
7188011
39988920
69463920
89246924
35562691
18012242
18554804
15598243
27044116
39948017
59156157
52437
9635256
75677110
88144151
16103349
23956418
44406401
67950256
899040
32099071
6108468
56448062
20975076
3632210
86995416
83086918
50020475
57452990
70442402
917092
38933806
48422152
52157008
27537762
47769094
32704246
7402393
63363
46375912
13509747
96367790
850435
48714080
7244900
72955884
7362472
75764865
13004584
53412421
93088706
45262464
3362808
14297120
44923835
4425725
25435150
45939033
3323137
55791273
5780995
15198929
10753076
33924515
37594314
39337444
1377173
29923847
4122448
32049744
23552700
7251612
67026549
13560762
30422810
87195691
72581733
81303181
33043286
9643790
68076453
15711784
17774522
4137808
52230906
54737536
37520706
51577848
83168199
802826
38121285
830684
16502089
49979525
39816798
49807531
38972816
17940900
11528877
19410927
30087233
51008704
27156778
21460155
17255783
80589073
42837437
16913082
4565691
20097327
27514895
29993564
7075362
86490253
88471123
63400069
6313599
51802162
44208727
11855849
10242685
31633141
65019633
