174
10000
3007
4749
1469
4932
1835
3862
299
9779
8367
1849
231
1466
6225
6893
2416
5868
475
2036
948
2181
1465
1196
4455
1950
5251
9357
1972
5234
118
4637
425
1817
974
3353
5923
7304
8483
2086
7964
201
7
3021
643
3161
363
2213
3087
4643
3814
1432
5665
220
146
839
965
5249
5736
50
7313
890
84
63
6186
1016
9680
70
5363
327
5158
320
1517
1166
1670
6437
3640
695
1094
8211
228
6449
8565
9714
4751
2933
3762
4335
7624
3436
6786
7853
2983
9951
221
1406
363
9772
4972
2726
3058
3499
3850
9006
4138
1154
4506
2219
1225
91
3451
1527
6635
2652
6621
2741
2078
8549
282
5868
297
5656
5799
2089
3814
4344
2437
3819
3099
1311
6532
908
3601
1134
5231
9854
44
2134
794
429
6784
3830
4201
1451
1433
5942
111
1285
49
1049
8568
3171
6942
4289
813
2998
4732
1236
4077
1789
6037
1797
1138
3214
4705
1435
3087
5823
7569
2376
286
6359
5545
1679
3513
175
