173
10000000
5709575
528190
1415384
4273805
2085322
1065366
1115723
3333558
6441539
4439114
7484325
2992598
3205858
4993247
5957744
6731
3835891
4011089
5812866
3030421
2099221
819482
2589656
1613506
642777
624533
770470
5560886
8304901
2515675
2071560
6692534
122513
267984
4457833
1539357
6620441
2081419
5077255
298532
2746929
2241610
444850
811232
8357681
849318
4902266
362248
3424205
2811970
9066255
5542167
3023912
2370308
2292152
1918968
4795288
6034234
4980496
2199181
4100173
5439210
3122498
4858066
8342400
4560790
68926
1595050
5883001
1623138
4554720
3699150
4838631
608102
3301920
373136
9423410
2453442
4486013
2875915
2680168
3889690
1487945
6519913
4116999
2138088
1236729
5995710
3072226
4194910
3125661
682773
215678
3854319
855004
175386
8404950
8967883
5019504
1965004
3379559
3130176
8512217
440522
4069169
4664669
2509860
6841251
6145808
1843525
4810186
3531680
3965766
8884277
6870771
1922879
78218
1487783
2025508
154070
4172104
7814224
9777288
576590
3158749
1657600
226935
2966303
4686191
1651591
305975
3676707
2869211
262897
4650573
3361826
6323293
7410344
1529829
513018
2408937
2579657
9732016
5845933
458370
1610254
1274535
1032117
848131
3084002
5313809
1800646
7493405
4154067
222712
3436775
4605263
3143913
7629692
547596
6698080
3153083
3113611
1612855
1171475
1969199
8386494
1235906
5509644
2167446
4389463
9626864
394526
