158
1000000
599090
181814
345292
145773
720880
361963
3876
988074
130631
200845
384338
358969
347336
15500
680534
307372
40940
530397
146017
966563
97631
109000
202930
706308
169361
436756
188817
319466
130288
803060
581848
918106
26107
176156
44220
592434
21880
591279
427161
893832
37451
221153
527693
101437
408721
611595
641031
773966
748439
212332
653405
944501
395494
281238
5697
196940
867488
7132
394761
18725
292022
622851
144094
336841
90303
994303
173
778847
248982
701559
101471
992868
278038
426194
524872
358424
170439
902369
41754
820688
75020
17937
563244
654443
475128
935024
1788
67501
65777
434856
259335
727183
34982
27059
663159
101848
132512
512076
752546
210912
787668
546781
29994
14130
333409
398949
647234
681327
81894
739081
536443
601051
88221
596225
15557
291601
469603
95800
982390
151986
23228
55499
25448
463557
184692
2579
231038
510099
208672
487924
179312
47951
196593
381840
505449
272817
105995
996124
11926
17610
4499
235216
394659
758039
23493
898529
869400
318673
633741
103984
985870
924980
435145
427771
622480
65992
576406
241961
