167
10000000
9378973
9016735
5007071
414016
4764319
1538331
4174860
1884017
5879192
4110233
1315378
1976062
1342539
9138175
7615143
8682472
6326386
3063219
1597676
345722
2220340
2745882
621027
598248
668423
5901087
2378019
9910374
389048
3207035
3673614
330538
76982
2661446
2127516
3751507
283752
1969270
3822659
89626
919649
5635885
4364115
6248493
7011906
699513
907329
1267122
5716549
2470389
6520587
2012288
9553608
6512538
1997572
8461669
5194164
4885146
8847072
4120808
6515186
7556054
1475331
4809931
6809670
4088864
2757955
9994579
5911136
5421
1665073
5327673
500840
7529611
158678
7360819
446392
4283451
268763
2749069
909904
3841422
309494
79
2164535
474646
2189592
95868
6792965
302274
5045229
2957022
970815
3893142
2652802
2377745
861825
2521265
470447
2541161
726859
2331949
5561462
1481516
9092082
2988094
4454161
5871867
1253654
6274808
3835021
7621981
2637754
3192497
1128489
605644
7362246
3834157
3510153
4324963
9610952
8278174
3877254
8030730
737491
4777318
1317528
4098913
1152928
3469753
4865174
1491458
4153947
1503351
4679174
4939767
1808960
3858148
2773395
4142933
2264598
3152880
3175396
534617
1783278
1304273
29997
1094679
2872124
5344499
5015644
1418198
4644459
665424
5355541
2593589
5889767
7226605
4954771
3190330
6539190
5297002
4494135
1245578
4087667
2693173
5545839
