169
100000000
6401335
5024286
63851326
5069660
64144191
8445033
54891226
31870839
12313742
42635331
13590312
37080782
2439544
89328224
33408001
15287913
6118032
30748944
79568617
154430
20172229
39889505
60905355
19766964
27086474
36623533
26940491
24872937
98048856
29061084
12368481
90101258
64939125
43943114
79056691
90477206
34264087
40577358
51815178
21476288
11700773
57381817
2474668
3848144
49792943
1684528
19025435
70938916
43522660
67316930
49376953
86964227
79859521
30557294
44024019
3847187
6917021
1951144
44642324
91920047
42356232
50623047
7820784
57530746
30641837
14031590
22824707
39094645
790069
7751008
65735913
18953852
46226811
69275771
41398615
98315472
66682030
7469476
25759349
13828482
25177852
55574498
9456515
55357676
31711204
13498205
20537848
97452569
32683070
23313837
8563542
14626507
54044304
12178489
27688317
52569727
31665263
99339720
13842009
74041207
8318667
223950
97560456
3190036
9898742
660280
46868102
9522794
97650283
9993787
72446649
13010315
38719511
34641838
24928134
35646665
38188972
91436458
48834647
35648236
42339805
2547431
42044064
10671776
92455672
28639667
90006213
33942038
10825772
49279257
5284765
29891179
17867891
54363468
69358163
32945381
928612
35219
25370429
57040495
47807893
9731661
44764018
2349717
66057962
16194855
28927915
7933238
20943309
46873556
50207057
11927726
25377927
16692407
10699722
70108821
5090468
11821812
10677957
11674986
79462152
1148422
27194851
16727579
8953823
43160536
37373675
67138628
26814180
