158
100
14
15
31
28
54
51
47
37
79
65
21
1
74
75
31
46
75
47
22
78
22
38
100
3
24
3
37
2
72
43
36
4
8
25
26
22
38
20
48
77
6
53
5
97
99
81
48
43
57
13
43
50
14
59
72
13
93
57
3
26
60
87
35
18
3
28
9
19
13
32
82
10
13
16
27
14
12
35
34
21
34
65
34
33
15
12
61
13
76
6
30
23
57
80
17
9
4
67
52
45
53
33
27
37
37
17
71
1
7
26
2
33
47
45
65
10
45
43
42
16
77
73
3
49
66
39
12
12
63
22
7
44
85
8
18
37
61
46
32
98
7
31
23
60
73
4
1
31
44
94
47
79
41
22
16
54
25
67
