169
1000000
64012
50243
638514
50696
641442
84449
548913
318709
123136
426354
135904
370808
24395
893283
334079
152880
61181
307488
795687
1542
201723
398896
609053
197669
270865
366236
269403
248730
980489
290610
123685
901013
649392
439432
790566
904773
342641
405774
518151
214763
117008
573819
24747
38481
497930
16845
190252
709390
435225
673170
493770
869643
798594
305572
440241
38472
69171
19511
446423
919201
423563
506230
78206
575308
306419
140316
228246
390947
7901
77511
657359
189539
462267
692758
413984
983155
666821
74693
257594
138285
251779
555745
94566
553577
317113
134983
205379
974526
326830
233139
85635
146266
540442
121785
276884
525696
316651
993398
138421
740411
83187
2240
975605
31899
98987
6602
468682
95227
976503
99937
724467
130104
387194
346419
249282
356467
381890
914365
488347
356483
423399
25474
420441
106717
924557
286397
900063
339420
108258
492792
52846
298912
178679
543635
693581
329454
9285
353
253705
570404
478078
97317
447641
23497
660580
161949
289280
79331
209434
468736
502070
119278
253780
166925
106996
701088
50905
118219
106779
116750
794621
11482
271949
167275
89537
431606
373737
671387
268142
