165
10000
2737
343
528
7887
5303
5747
8772
6535
5541
3046
1529
4514
9884
4274
1327
370
3631
2874
8342
2418
6093
1587
3434
2928
6156
29
423
1960
116
3874
6082
1018
2024
1050
697
769
2818
419
1457
5830
510
6956
2456
1047
5499
539
1184
1816
7115
8481
3179
6815
4006
7973
4116
3602
7057
1439
2710
3181
9577
1658
6566
705
2834
7293
6025
2113
6635
467
1476
3044
6369
416
1251
1517
6
7400
1664
4161
1456
4560
8725
4445
9830
2959
1124
425
78
2786
858
7544
54
9231
279
3112
9222
9472
3576
4146
473
2742
1968
2420
3
5285
8032
8348
3907
7072
4073
5447
1446
5081
1218
1671
8982
99
4638
562
1840
4697
4602
6261
1897
753
1102
3120
2454
2600
8675
3044
135
5587
9561
6360
1229
439
2173
6366
1709
4621
8471
3564
2403
1627
5362
3219
5398
2815
8336
1671
1319
170
3051
2943
4253
6458
5854
3542
3365
1228
1275
1519
359
