158
10000000
5990895
1818147
3452911
1457738
7208793
3619642
38763
9880734
1306323
2008447
3843392
3589693
3473375
155005
6805334
3073714
409393
5303971
1460167
9665627
976319
1089997
2029307
7063088
1693601
4367562
1888177
3194666
1302874
8030606
5818487
9181058
261082
1761560
442194
5924332
218821
5912784
4271602
8938314
374508
2211530
5276937
1014369
4087216
6115944
6410307
7739659
7484384
2123325
6534043
9445001
3954955
2812377
56972
1969394
8674871
71327
3947627
187248
2920215
6228519
1440931
3368415
903030
9943028
1722
7788470
2489833
7015590
1014711
9928673
2780378
4261931
5248715
3584233
1704397
9023681
417546
8206875
750200
179368
5632438
6544427
4751285
9350238
17875
675018
657770
4348555
2593344
7271826
349816
270583
6631585
1018477
1325129
5120765
7525464
2109130
7876675
5467810
299946
141301
3334087
3989490
6472352
6813278
818942
7390803
5364431
6010510
882216
5962246
155561
2916021
4696029
957997
9823895
1519859
232276
554999
254480
4635569
1846915
25783
2310376
5100989
2086717
4879235
1793125
479505
1965933
3818395
5054505
2728174
1059964
9961237
119266
176105
44989
2352151
3946584
7580383
234929
8985289
8693998
3186722
6337406
1039838
9858699
9249800
4351444
4277710
6224797
659913
5764059
2419617
