164
1000
361
225
635
151
335
707
787
560
180
255
512
377
20
84
349
216
581
365
273
215
371
517
171
377
915
95
67
818
211
182
865
27
339
567
427
671
287
874
795
545
360
85
541
67
665
115
309
125
55
471
497
957
73
245
17
64
529
102
16
255
357
602
25
230
43
17
775
653
393
376
126
488
574
269
612
87
633
713
643
409
200
519
419
347
92
605
885
296
137
449
444
459
132
375
20
239
429
443
497
925
661
191
38
153
213
158
751
571
414
704
82
551
181
190
286
623
557
591
395
354
296
340
36
984
487
113
140
837
48
78
205
181
132
755
382
29
368
529
852
154
35
431
425
118
421
148
675
313
210
75
271
227
262
301
729
38
179
689
517
398
54
591
1
488
