161
10000000
9910805
950946
9032942
1346214
5093159
2268234
4588001
3719978
1120918
2707135
8455302
1253742
427262
8766694
990337
967058
4572111
9757200
3918963
2662919
7731766
2771427
5365376
9741033
7212372
6842238
258967
2767238
2039613
1113583
6023315
3588594
2685883
1149385
3157762
259684
7303976
4661329
1233306
1190595
6772713
5360760
4707129
5338671
2696024
1654811
7656287
2751515
7539537
5411999
204547
3072996
1537789
4898681
4678669
1152428
445336
6182558
4039236
2955383
6410486
2080771
4583849
2550287
1634719
108611
1433477
7698187
4142149
682727
3461636
703594
9543418
564328
2343713
979954
9819593
4030529
7960387
2813376
4639240
6166891
2999601
83984
8572214
2849061
4293264
4874330
3918115
4482562
5550158
242800
9317273
5408827
6321832
1427786
436495
737482
3502078
4906841
3976685
824085
5150756
1502855
6497922
9269157
1015249
1514263
1964891
7827
2405728
4449842
1000906
6507201
4709968
4116146
6081885
2058686
7764250
965347
2126407
8151563
4445825
2460463
320831
3227287
2638568
3355835
9296406
7044617
5981561
2660401
3837540
5605323
2198040
2452994
1544698
7186624
730843
4634624
4653093
707095
1634026
4522895
89195
6411406
1848437
732895
972269
2219483
456582
3396614
7232762
1095141
3492799
3817442
180407
5814704
335060
2974912
2787628
