168
10000
4529
2911
506
5844
3597
3880
1474
4016
1975
9397
2714
727
1639
6474
3765
906
667
4168
2751
1974
155
1994
782
658
3959
1185
7514
7592
2497
4891
5225
4962
7043
981
7876
5494
3810
638
4935
6266
1839
2618
8918
6094
209
381
3004
3320
1512
4379
1238
6779
1922
1467
797
2250
3703
1673
603
2063
5392
2524
642
2978
3269
2686
5686
3535
4156
5109
3834
1914
7454
3520
2486
3108
1308
2496
20
9333
7937
110
3074
2400
1858
1082
3719
2983
5470
392
4138
8261
2957
1932
8388
1307
3860
390
2139
804
1717
4624
3985
3526
8
5826
8669
5419
4265
7153
485
6041
8488
3400
3806
8526
595
3800
525
9332
8161
6747
2486
5984
668
7468
4563
2391
513
5038
1998
2910
6200
5634
618
23
7022
6892
9196
756
2406
5958
2151
3221
3708
362
2200
2847
1612
7566
2434
9475
6736
2023
407
1696
4302
1865
1331
6369
6403
1605
1121
2986
1816
1739
4506
3906
