157
100
3
8
13
5
83
27
9
48
50
21
1
83
1
1
47
13
8
56
6
32
26
10
28
74
39
47
91
41
86
24
28
13
90
47
84
8
59
28
100
2
84
5
38
2
75
15
48
90
52
10
8
10
6
13
90
15
64
33
53
83
14
32
73
14
76
31
25
86
89
21
47
46
44
17
27
79
44
53
7
30
11
17
44
14
45
53
14
9
27
2
86
90
53
62
24
70
83
3
7
47
56
15
55
47
37
67
30
6
55
24
44
70
5
29
87
6
20
86
22
1
76
30
67
24
24
33
32
76
99
10
9
7
23
36
19
33
21
1
17
38
5
81
43
68
18
17
1
16
45
80
62
59
59
58
20
13
68
