168
10000
7072
2041
4754
3364
902
3501
6528
789
8171
1224
3859
3073
5718
1695
1132
2920
3282
7314
1829
9485
4522
2852
3446
3465
1836
1302
1643
2850
4282
1057
3082
6094
192
3843
893
4827
4922
5450
3607
3476
830
2819
1671
1536
9421
3346
2192
5200
151
1003
1486
4089
9075
2435
6554
4961
7181
5173
3228
3906
5089
2686
1558
744
6201
3439
6197
3043
5886
1162
157
1077
377
7565
583
6440
9278
6099
7593
8339
6654
1224
3151
2114
1007
8329
2844
2040
7806
553
3216
3576
9414
62
879
3423
5852
4936
478
8012
6957
5092
7170
5031
3915
49
6034
6106
2642
4033
1442
9098
1106
2187
4866
1006
2712
1817
6499
917
1584
472
3261
3931
3683
9770
1650
579
870
7959
4089
3993
4329
7728
1286
53
1780
3579
9849
4805
4148
8
1528
6524
2774
1663
5078
1852
3748
1477
586
4835
3041
515
377
4908
3297
722
604
1988
1402
400
230
4668
1823
8943
439
859
