170
10000
1740
1849
5152
7544
782
2456
1799
1476
4340
7581
6999
753
7069
2490
2712
804
2757
6399
2281
3154
9416
215
9518
3920
7784
6402
9349
294
1855
1510
2155
963
1228
1548
2244
435
272
4575
9196
4466
5240
333
5182
2988
4190
6752
6811
3663
1677
982
3376
6081
7510
3089
4163
893
2216
6911
3648
7330
2760
314
419
3584
5142
307
4190
5620
3001
2726
1637
3049
7
1620
4393
50
2924
4363
2489
1434
3357
3803
3521
3168
4380
5858
2378
6490
3189
3255
1430
1908
2617
2774
4735
1563
4971
186
2860
3206
584
6603
1888
324
1236
770
6869
5637
2129
1317
9693
580
1305
1887
2404
2597
2847
4848
3535
3580
651
998
5076
7288
500
4858
2181
1988
5425
9500
3019
482
6852
3799
1576
6197
8201
4691
1575
9746
240
5868
1017
337
2870
5661
2611
4060
4874
2670
5167
1875
5375
4123
1616
7176
6814
8112
487
1240
4470
4574
3264
4142
2937
254
5483
4172
2563
4517
