161
100000
3900
95637
83922
52835
8232
42650
44696
22599
43280
21886
51966
18696
1573
14074
17594
9642
57350
9317
8642
48034
58930
11557
50342
83309
3478
37261
45767
73106
4826
7505
22498
23734
48058
95174
1317
74789
16078
57737
65770
59412
14696
80229
21684
42194
65206
19954
19996
7252
73079
26921
37726
36351
5723
17095
13407
9051
61757
45325
30139
963
33352
62390
62256
92748
39876
16681
56720
97414
55304
25679
76535
4971
17628
48711
59
21795
8374
11854
59291
76266
11357
9394
23048
94488
37458
90949
68398
98179
7167
51289
2586
7941
15460
40041
21726
32241
19008
16742
4363
34230
45145
78114
11271
9381
16486
84702
8618
90606
18043
63415
50169
52792
94724
33603
11137
54675
47570
78205
49553
15298
27513
80532
25499
52430
40590
48881
47904
29877
64292
60124
15116
5512
35708
32423
4393
29780
12195
10097
65567
33621
6498
20615
78274
19880
50796
31145
54233
16691
25815
63649
26894
80497
7200
5276
52900
19468
8214
8630
19519
1821
86534
