170
1000
304
168
432
31
319
120
835
105
229
21
733
314
325
372
891
375
132
440
120
469
635
947
187
14
58
229
753
318
130
380
460
489
217
155
866
213
148
1
116
204
435
145
27
24
446
937
477
245
666
560
852
117
805
240
755
14
609
13
590
65
151
96
386
161
307
622
506
84
71
119
221
247
77
63
188
336
992
783
509
82
428
38
472
436
160
606
541
377
41
165
516
512
96
494
544
986
905
973
664
254
238
41
657
96
75
359
82
940
986
395
30
471
659
883
134
60
85
320
109
17
88
57
635
174
970
8
269
915
884
663
47
40
297
9
516
378
608
419
681
90
684
13
358
103
316
193
392
523
255
337
8
367
746
59
394
554
383
151
27
125
53
129
161
267
195
23
503
620
459
731
