170
10000
7584
851
413
2331
1834
3864
9784
4922
599
3463
2378
824
5718
4606
1301
3005
4841
6493
1862
844
1385
6995
2295
608
894
833
4387
6786
1546
3461
6979
1871
4885
3829
1792
2175
6446
1127
3553
2359
3706
2035
1818
147
7016
751
3367
1881
2654
5591
3483
2416
6517
7727
2164
6397
4607
9137
2322
3222
670
502
5360
2233
228
7700
1005
4833
4880
407
883
3021
2234
8986
9587
5960
3684
3797
772
4565
34
1294
6816
5435
1432
477
4875
51
1568
3189
3085
2565
8995
283
5613
3080
592
5779
2273
1200
135
3542
5110
625
4326
6079
5078
2857
2905
3780
1708
5101
3883
2145
5393
2529
5343
3278
9897
1351
2539
6295
874
1676
963
5125
514
5159
4226
573
6458
1343
103
7299
2616
1719
4129
2176
8654
3554
3184
5167
3657
3878
3507
6136
2171
2243
1093
739
5227
4
4657
290
1332
7767
8049
1014
165
6348
3056
6294
9106
3786
1488
9261
7855
6044
1899
4899
