162
1000000
153516
573632
65972
41346
418419
223565
897798
222339
97104
13388
484010
820346
96166
217564
849517
697189
931527
37729
890536
6991
571907
706909
426393
33249
946712
447342
60125
88037
109464
593353
394109
191975
234383
358741
116781
137113
501
232597
733236
983427
102202
903834
423938
25428
883219
42686
579944
307858
573642
453438
418109
109241
353967
567817
354292
123801
424622
378556
236306
277904
357170
431310
266764
42941
574833
493367
7199
214774
795210
719941
121877
222718
242648
10856
7041
76466
900813
488869
150483
260482
234804
546562
305494
109579
68473
492684
616097
719103
723442
45255
15533
159845
412974
806906
381675
16573
303213
61140
185214
510090
856911
116843
179654
290779
767403
373170
585256
577339
181783
53288
383903
450003
99187
780675
273227
178438
189319
431980
55666
205375
212616
149186
143089
692142
142820
507316
720083
219325
426368
204790
652655
604598
138127
868622
585908
861873
850814
2993
146165
784578
154681
279917
145096
992959
694506
293091
587026
131378
368995
23385
191932
151937
347345
876199
264932
395402
362953
575378
499434
621444
215422
136091
