168
10000000
1214860
5227723
4349196
1215904
1928644
329599
3797915
6562875
3437125
5399740
8634121
2915606
1918945
5666105
1134492
6801662
4469489
2975982
8784096
1832026
4692225
67187
7635693
7307221
3760155
6262
407470
764241
2589986
4716728
2253841
1924582
3198338
5677972
824645
9213907
3195823
5453818
26904
1434611
1184934
4341810
2986645
2700146
1003318
4361854
268048
9592530
3786210
2783964
2684668
8167974
4664675
1556660
104097
2185413
2162855
9792826
4399217
2230489
6555903
1665441
1501033
1290220
3473791
1632414
5181348
7313719
2769309
250701
811640
317840
8256665
9664617
279249
3634735
2792270
1478750
2315693
1543023
565676
618962
790859
201212
1749894
2364307
2399681
455164
2662164
292301
2600268
3586049
2270937
1903046
1197931
1767975
9175355
1365879
3036788
4899154
6163638
6213790
4343866
4333895
37605
6100472
2588016
2659210
2890867
1788600
219547
4772277
1224423
9962395
3889145
1689785
9566304
3444097
335383
7366482
3959771
3722474
5226353
8865508
2537429
4484258
3988780
5307775
3571913
4654980
8273407
6158549
2633518
786093
952476
4773647
581150
3470536
4597706
3841451
8521250
1794274
8211400
6368309
1701126
1338800
7013355
5230231
1145443
3618316
6110855
1181315
7411984
4327062
896733
3631691
812199
1002994
180270
6040229
2829909
3415326
6443004
5076972
2086889
3135170
9749299
7410014
