165
1000000
273690
34337
52831
788674
530297
574615
877192
653425
554075
304567
152985
451307
988372
427511
132658
37127
363003
287399
834114
241898
609329
158652
343356
292895
615752
2818
42390
196059
11628
387315
608200
101863
202505
104945
69683
76907
281760
42012
145823
583080
51161
695587
245682
104677
549866
53811
118380
181548
711489
848094
317988
681495
400649
797269
411588
360105
705646
143852
270909
318034
957610
165886
656644
70479
283313
729218
602462
211326
663459
46669
147713
304413
636997
41600
125263
151720
517
740058
166437
416045
145519
455958
872459
444500
982909
295860
112353
42674
7735
278580
85892
754318
5363
923093
27846
311138
922114
947169
357557
414523
47269
274115
196847
241961
226
528468
803153
834783
390671
707105
407381
544762
144659
508081
121892
167279
898137
10201
463771
56175
183976
469703
460297
626015
189772
75270
110148
311952
245315
259942
867439
304311
13497
558874
956017
635942
122818
43983
217241
636802
170858
462063
847015
356582
240373
162638
536229
321898
539703
281481
833563
167007
132024
17091
305071
294354
425385
645767
585477
354233
336541
122808
127541
151906
35874
