172
100000
18455
203
34295
3818
85387
47021
41454
11075
67059
10937
29892
42907
43068
44619
29713
13150
83248
55310
13189
42516
10706
53145
10259
46839
42407
48412
42220
34854
1491
41861
10394
4569
57016
1759
18873
947
69989
24773
37713
15752
14613
4710
46803
70287
18759
73264
58235
77091
8805
86811
42767
64920
27186
27774
28520
5051
3508
36456
19608
56468
82514
19170
36367
43360
23829
53443
1842
8013
36381
26017
35080
9076
3740
15131
57780
81545
46104
9473
19963
28197
43205
73560
22166
26736
72226
20574
10554
46869
399
74436
599
4920
80392
47421
79626
63474
21786
2691
6204
22909
55381
10048
22851
54788
25564
28318
53131
16248
74
71480
2540
16235
52890
13089
55162
99797
55032
4108
42614
79426
79182
24369
44968
2268
56943
15193
6376
422
16752
4567
15173
83012
8984
33173
80830
52638
47362
45212
32941
11312
39923
50658
6647
29352
52579
77718
21565
77847
17515
72933
14525
16239
78435
12959
61887
59554
20374
10201
15130
75731
35973
28181
42984
44632
71803
18274
4655
20511
46557
1815
17709
13978
