152
100000000
6307878
59902525
78015065
6817976
75855326
29890392
13186505
73149751
57350362
33668319
37321457
5697458
10023202
79967567
77591786
3006570
378604
96993430
67812691
14885086
6238616
20860826
26850249
15962803
38386440
2819029
18257690
12613368
32828382
79139174
21019800
51850699
40825362
22033408
32124048
31874102
21999497
93761384
16163989
15597925
53394405
28374100
5063644
81742310
93980673
91061883
87041250
12091793
60436716
29515570
93504332
25279290
449816
15019313
16780226
84205179
7255630
69339310
40658726
11057314
67171618
83836011
68177893
67831
40698
71625900
16491833
63429807
37462812
58971295
18740752
17450342
6136305
8938117
23519053
82549658
3676893
27625800
30538983
51899954
14934504
78000503
77966592
965135
69023252
477069
5147347
16171754
2901874
62678543
16425371
99343881
97180971
2296917
4649962
68125898
71632525
6236460
44632005
30791118
99104113
7323939
47536185
67875952
46409171
70927068
89976798
96323107
38587769
18091828
13271068
46815472
23694858
84881710
895887
54324970
49216315
63196656
36424740
2306537
16048562
60403059
39563284
83996499
6019327
6495668
84980687
10489722
11805089
656119
83951438
27490219
32341311
30077105
14006734
84602206
12958750
72509781
70388124
9261489
28367475
33334527
15794821
4196081
50783685
15118290
87648556
40029644
29072932
87386632
12351444
37473140
