163
100000
87842
4040
58407
11538
38320
21957
56400
3216
40326
15067
26140
14981
4235
97147
7400
3247
7343
12806
41594
99848
9587
4770
46413
71109
97722
10824
3734
98674
134
2179
92956
2853
5294
33364
10178
8752
7477
57864
26841
2278
53734
6115
83469
36974
19181
25181
12876
3159
4459
18713
39205
16376
88462
45155
94348
3040
80338
53900
36512
152
43370
56413
61532
1800
57934
60948
36122
52115
5518
22191
55473
70463
69
86626
12496
77809
21129
16531
40740
12158
63878
43600
67243
28275
1326
53557
47760
16252
88935
5053
46995
20086
4830
95170
50805
48992
60795
47885
42072
32957
88784
8266
44638
27469
11788
92600
78776
21831
26311
87124
61171
84793
7490
40575
13993
59166
6223
19662
9398
41614
23666
715
1326
5955
72214
69284
11065
21224
19287
1032
7175
42398
9072
32967
1018
58386
77051
57533
94087
67043
10933
17075
81353
54558
31033
7044
74819
29532
37104
32757
49140
46443
17688
9292
22949
95230
67745
18647
30563
88212
11991
26397
11216
