160
100000
52809
13929
34075
52364
581
65557
69544
49146
20580
3894
2557
68699
67168
8071
57933
14370
41679
9488
31798
48167
50854
269
84780
50012
69876
19593
7193
85356
43623
18067
15254
65278
48607
26811
70929
21865
77704
40254
56377
29541
59802
42405
19534
5234
76589
14793
5260
87708
15220
32832
38582
37716
12292
65899
25049
663
8260
24899
48931
70803
92351
8294
3816
47881
64166
47309
26
40158
47359
13546
8151
32018
59199
3764
30127
44907
70424
3485
52691
51393
387
12998
76424
20368
99419
27070
1716
27237
99613
15902
5618
1788
13706
10863
91740
31301
58543
10124
30409
44128
29197
80466
29433
65216
23014
22566
14088
2132
7276
86461
6263
64717
57595
7649
70459
43372
6141
18151
21269
2080
29071
16490
58132
14644
52334
43427
39434
30124
4294
98212
91706
15229
47801
4059
39864
9078
30410
62284
25405
34784
93804
76986
15598
6162
73189
49474
5508
5756
63685
84656
8729
66095
30439
14075
6196
35283
45018
52641
78731
96106
