158
10000
5991
1817
3453
1457
7209
3619
38
9881
1306
2009
3842
3589
3473
154
6806
3074
410
5303
1461
9666
976
1090
2028
7063
1694
4367
1887
3194
1303
8030
5818
9182
260
1762
443
5925
218
5913
4272
8939
375
2212
5276
1015
4087
6116
6411
7740
7485
2123
6535
9446
3954
2813
56
1970
8675
71
3947
188
2921
6227
1441
3368
904
9944
2
7788
2489
7016
1014
9929
2781
4262
5249
3585
1703
9024
416
8207
750
180
5633
6545
4751
9351
18
674
658
4349
2594
7272
350
271
6632
1019
1325
5120
7524
2108
7877
5468
299
141
3335
3989
6472
6813
818
7391
5364
6011
881
5963
156
2915
4697
958
9824
1520
233
554
254
4636
1847
26
2311
5101
2087
4880
1793
480
1965
3819
5053
2728
1059
9962
119
176
45
2353
3947
7581
235
8986
8694
3187
6338
1040
9859
9250
4352
4278
6225
660
5765
2419
