158
10000000
1606202
8002601
6617066
2277949
3605893
3689532
2338279
750965
8879589
1381290
904592
6987836
6418705
5315394
1418374
3392
4225027
7592535
8406295
8560906
617573
5048257
1913489
1374510
7722051
1439094
258607
6394107
1591746
2492609
3451163
1043041
6494520
9849672
2001529
2231601
4675217
183845
2460816
3316584
9087116
7891705
366196
2035
1595340
524485
1593705
2948565
1821236
6683416
1263965
4654788
1936872
3277811
3012164
8159833
9816155
1475779
1379561
9197572
3333273
23854
3614242
6279341
808588
311823
9249035
8519407
3291873
1175953
3145050
3126343
8358581
2108295
4951743
6526950
3853298
1762221
647938
7998471
779897
630669
2768010
1001621
7054838
1641419
4900337
362781
3466966
8237779
4199825
7013783
7378982
839010
1081636
2376810
150328
8393798
18931
3720659
2858999
2621018
1658516
3911089
3004916
7001483
5798140
1480593
8998379
22491
1919320
1821353
3681289
2560280
5232499
9859049
3581295
8956959
140951
605170
8625490
3666267
4230111
7141001
9967195
4988055
5209805
253183
4191801
3769892
6873657
2945162
5340899
6929389
3657488
8988749
4210259
213607
2594998
9369331
1567461
912884
3020153
802428
1755637
755915
32805
1974908
6822147
1011251
2290202
1539556
9394830
2041269
1392919
6666727
3021836
781834
