173
100000000
14379572
11202765
7524229
34391915
12549297
8257954
29885031
48660076
7439724
65612490
790674
17450666
8741552
986737
81461033
14831514
14057648
34280439
20055444
72652858
20770334
9825018
21454893
11915624
97117048
32709106
16090819
30483129
15361130
15116406
46440757
43464512
67218950
60995902
15980962
8051268
20974546
59614392
75386275
74511328
17183874
24099746
24966231
95189691
9594838
49058934
57696783
1529872
64986802
8168857
35975336
19118283
74050930
33490400
32781050
5640682
9556936
21369029
24902480
65765412
17658399
60357796
18495750
7492701
95927545
65719561
50344627
88797235
5858325
19343314
17121024
29415001
10407095
20860519
3852350
23106489
86196847
69828830
77451571
28211918
6179537
391089
90008298
77569935
8102909
9991702
79229666
32958388
5857373
1314492
42131144
52565090
4240653
39430091
91428397
91258448
19271594
51312701
612563
48188763
85942352
44421382
39179626
52224250
73252862
34353856
32599565
65152104
33654
33462667
7076920
71841647
12898285
31478872
14084785
29043715
51811237
22430065
35013198
25949070
27804432
3396058
26582599
29788720
27601318
77852408
2291850
4266281
22147592
70584999
47434910
70956285
10690439
72773598
876928
44839412
84143549
313649
64110686
48687299
2882952
4810309
71947314
22013280
4097409
59922033
10127542
39071116
11407173
14059848
4550969
15243888
95449031
77196046
14817362
4072455
39004098
25358428
41788405
73026312
9365567
72195568
14962994
38517630
30171170
41524502
2737978
28005877
4730269
41932466
30825821
8287996
74193155
