161
100
4
96
84
53
9
42
44
21
43
21
52
18
2
13
16
9
58
7
8
48
59
10
51
84
2
38
45
74
5
6
23
23
49
95
2
75
16
58
65
60
13
81
22
43
66
20
20
7
74
26
37
36
4
16
12
9
62
46
29
1
34
61
63
93
40
16
57
98
56
24
77
4
17
49
1
21
9
12
60
77
12
9
24
95
38
91
69
99
6
51
2
8
16
41
21
33
20
15
4
35
46
79
10
10
17
84
8
91
19
64
51
53
95
32
12
54
47
79
50
16
28
81
24
53
41
49
48
29
65
60
14
5
35
33
5
30
13
11
66
34
7
21
79
20
51
32
55
16
26
64
26
81
8
5
53
19
9
9
20
1
87
