154
100000
45824
77264
90176
8217
9824
46805
31771
7187
11519
27960
28581
21119
28993
22807
55411
47612
47125
36008
71972
72040
4933
6469
36390
6456
56233
60074
12167
76832
26523
2968
37609
40009
59991
90620
3305
18733
77
90964
8406
15001
47432
1954
12557
39310
62536
20982
54176
85310
63007
22736
12610
64594
87443
82888
9750
2600
38807
13885
21604
12736
38464
71668
39926
90281
52875
5810
291
8822
89183
18278
1256
23524
46165
51570
94688
70130
13603
29228
6651
55675
11888
5919
13358
9036
93531
69917
22741
75010
86642
51886
88112
5735
91363
34278
99709
42526
16696
37160
44589
8637
30083
20797
34421
4384
55504
65722
50025
35102
11649
6930
89071
69701
69526
2218
57474
47248
5312
26435
36993
62840
65579
33080
23925
63903
87678
37268
21145
78188
4196
63992
12823
26826
33268
23927
69810
45801
97032
4158
48874
9380
44325
5914
12322
17654
30190
51126
29032
9719
77193
29870
43767
69093
14682
17112
