161
100000
87570
12430
16036
4534
59093
70927
77518
95466
33721
25071
37088
10094
14647
86293
9274
54027
33309
26869
4048
56913
17848
11195
14801
2123
17791
6236
10557
40618
38891
20521
97877
36222
20679
51887
3425
39042
14843
21325
89443
2566
8456
23780
29609
71667
22482
89210
38010
39040
14742
9534
27929
24758
20386
78326
49976
7884
66691
5893
10689
15678
47588
31537
87537
30116
44563
5051
25719
388
37049
51621
4725
24597
12829
36000
8845
48379
8402
51623
29580
45973
64482
32170
80981
91521
54113
73324
3825
72071
82385
84322
71041
65
19627
55507
33595
43929
43542
393
62951
67437
26507
85199
1508
32731
10790
36923
42158
96025
63681
12457
12364
3975
85258
27997
49763
59215
36319
17615
17368
18116
32748
44493
54599
39068
50249
78610
30496
49751
60932
90466
20890
13968
22851
14931
62257
28959
37712
5799
11161
60399
38386
12463
40281
41887
13916
48107
62288
67252
50024
4743
8479
44009
69504
18156
48113
9179
44142
67269
12199
20816
35518
