173
1000000
14290
116144
337305
20462
851011
319819
985498
56696
104444
391603
129949
14502
834966
83893
435006
187927
662695
313899
254432
382019
109065
22033
117549
336789
124596
203373
470210
59260
972088
2198
22817
385346
308477
319545
485041
516995
490314
634499
608319
315369
991561
619462
76292
244974
295964
940740
85113
38915
40599
184641
194836
57133
680181
608397
171008
346558
130209
58914
57726
505073
8439
446503
162651
515287
436566
418764
102361
8967
81043
969642
398297
53018
217785
271759
476117
10350
904389
42745
239783
623711
46083
143005
376937
923708
39598
605624
834178
256622
97624
498094
303927
589011
87317
508012
296488
165034
30358
394784
84574
95881
459272
144184
596309
379215
81768
865845
804704
374968
634327
134155
357769
358988
522249
502895
782215
253283
755870
186404
302632
553497
161513
381117
16425
142918
746717
379011
486273
656854
12670
89023
936039
511961
543600
151401
663211
23759
697368
167978
431099
882451
220586
946982
494927
173777
118839
883856
890935
76524
665855
95459
914887
154023
394376
985710
268753
74798
439
366117
239073
27912
65949
471277
977967
31940
28970
195296
228573
119079
246594
148989
131455
70410
63961
