165
1000000
446805
179574
610586
121022
510085
52434
255604
388650
57964
107555
52755
490937
658302
142350
180751
105326
827753
422573
84201
339430
380200
277486
7919
378260
293115
350945
338720
279388
675114
886238
471387
621740
465115
595149
775375
185855
171749
70219
609355
991502
389420
415679
241069
34020
646854
37045
104987
826406
274
503515
610580
419548
538847
138770
42840
540653
440022
107216
744396
646361
156882
528613
300391
269437
247060
544849
44674
771454
113762
28109
544006
822284
16389
805640
8498
559978
224625
22591
555370
166153
721265
404851
175812
452873
446304
577330
98010
324886
539507
524749
228546
152887
210024
345407
24421
460493
173594
646562
261728
104041
241470
135254
496485
35420
95576
119752
144138
488198
83788
603823
437627
16886
661258
311015
353438
48357
100028
348778
410435
861230
14849
353639
289184
274400
612010
331357
315058
161821
367455
638330
306835
59329
434722
99765
444976
30275
194360
395903
76894
387789
964580
940671
413753
390645
957160
738272
983611
720612
163656
686309
113884
175652
184662
439309
426105
565278
115568
369452
434926
56841
442508
218772
752940
313691
757191
