161
100000000
12997374
44780670
87621394
49255983
49748761
1054348
24372701
65830755
54994013
68959468
18341339
1423580
77792226
16045511
55022233
25586691
65110121
38087757
22207774
50283953
50251239
20128249
50357802
11679232
12128815
50621918
11338718
39889592
57799468
26509072
8666322
59263583
4678962
73876178
48990027
15743727
44926894
89329634
543030
65045804
40111346
10993500
15024325
10133380
71804699
1767439
40764850
33511298
50873
22397492
79053078
70269092
44072465
67740294
43798036
18839462
70719350
36471365
28195301
31984684
8665883
65431634
55219330
36803146
5441722
25723852
16525056
4677345
45911597
8500377
76433324
79960999
53858291
9719062
27318555
24877738
34889879
53097109
63888024
32709585
49642198
17028007
7115006
26123822
26094424
25906964
20039001
47904237
46860757
90027831
31946117
11590562
13538659
12378606
69905623
83474004
5342972
45302295
3512055
54862313
35652139
99507911
26296644
23930121
40736417
67290415
24820816
9972169
36111976
11698444
36200878
3797733
2991092
48271049
9460026
18375564
83474944
23566676
29280650
11075035
86306733
46141709
45850289
25108340
41708021
17482598
3753023
69821820
859518
34203813
29730908
67639290
81891494
68969941
1845622
88924965
18822051
16525996
72136678
70893206
13693267
54149711
5494045
29106794
2004483
28909643
29382336
4817535
27320292
98154378
20946922
95321038
30523
84975675
83954489
49378082
492089
8186270
5206743
3104855
97008908
