188
1000
510
263
914
75
18
12
1
215
778
227
124
170
221
243
822
64
924
107
183
178
96
195
450
622
86
505
910
216
170
32
26
406
404
156
107
319
10
17
40
714
573
35
158
407
408
234
554
273
98
151
692
237
433
145
187
157
476
48
951
286
46
304
49
102
818
965
61
379
615
427
292
521
303
594
49
454
136
290
262
526
965
113
154
126
499
38
422
473
48
272
118
339
112
483
458
501
703
224
93
116
418
233
144
81
286
25
661
303
433
916
152
71
382
785
76
64
157
696
84
305
212
542
415
301
347
595
792
529
461
37
600
297
146
585
11
508
452
309
452
85
94
32
124
70
417
172
134
469
160
85
233
273
400
484
193
635
292
134
199
855
336
253
60
788
222
245
546
612
166
26
143
161
61
437
481
234
82
665
519
866
564
90
704
442
97
115
27
172
