156
100
24
14
28
10
30
10
100
2
36
80
55
38
4
17
85
42
35
58
53
19
61
45
61
32
43
33
63
12
21
1
100
50
1
2
2
13
88
46
19
31
49
76
2
76
44
82
34
11
13
42
17
36
99
38
30
80
35
90
13
22
19
41
64
17
33
67
50
5
79
68
53
2
81
1
28
42
86
52
99
9
55
33
24
36
83
24
79
68
3
2
36
56
4
39
48
21
11
89
11
12
37
1
51
68
9
64
62
40
9
28
42
84
32
64
17
47
13
62
23
13
6
30
4
88
14
57
41
1
85
2
29
47
97
17
45
58
52
39
16
18
44
45
16
19
31
20
43
36
41
10
42
33
87
7
28
3
