167
100
12
15
22
86
1
59
23
98
74
61
41
91
38
17
52
45
2
19
16
46
5
57
76
1
53
15
30
1
2
3
59
86
9
15
98
37
48
96
65
12
9
5
16
21
62
15
17
63
43
100
60
64
1
43
20
4
38
8
1
17
52
79
43
42
1
3
10
59
69
79
59
30
19
50
9
7
31
29
17
19
12
48
3
28
4
36
86
39
83
15
29
9
14
7
85
31
31
25
28
80
3
11
14
1
33
52
52
98
9
44
32
56
74
39
43
40
47
39
2
64
69
50
23
38
99
2
12
57
36
20
48
13
67
4
77
34
11
57
2
66
14
31
66
3
13
72
99
3
58
32
27
23
22
25
37
2
17
9
70
30
15
2
21
34
14
84
46
