167
1000000
937898
901674
500708
41399
476432
153833
417486
188401
587919
411023
131538
197605
134253
913818
761515
868248
632639
306322
159768
34573
222033
274589
62102
59821
66843
590109
237801
991038
38904
320703
367361
33054
7699
266145
212752
375150
28376
196927
382264
8962
91965
563588
436412
624850
701191
69950
90733
126713
571655
247039
652059
201227
955361
651254
199758
846167
519417
488515
884708
412081
651519
755606
147534
480992
680967
408886
275795
999458
591114
542
166508
532768
50084
752961
15868
736082
44639
428345
26877
274907
90991
384143
30948
8
216453
47465
218960
9586
679297
30226
504523
295701
97080
389315
265279
237775
86182
252127
47045
254116
72686
233195
556147
148152
909209
298809
445416
587187
125366
627480
383503
762199
263775
319250
112848
60565
736225
383416
351016
432496
961096
827818
387726
803073
73750
477732
131752
409891
115292
346974
486518
149145
415395
150336
467918
493977
180896
385815
277339
414294
226459
315287
317540
53462
178328
130428
3000
109467
287213
534450
501564
141820
464446
66541
535554
259358
588977
722661
495477
319033
653919
529701
449413
124556
408767
269318
554584
