165
10000
1423
3381
2572
4556
4848
602
4062
4515
5732
8928
960
894
8309
3888
2137
461
7325
7380
5949
2935
1696
6991
3071
1682
1223
3668
594
3468
8430
3091
3035
8043
3931
7496
3032
218
1499
1066
5050
1691
8304
272
1072
4190
7930
4608
1999
4989
3947
4156
3328
212
174
8474
7487
8
4950
1944
2720
2622
6300
2281
9154
1957
3379
1858
2743
1150
9398
2028
6066
5810
2760
820
6078
3777
475
2915
1807
9994
1859
9762
1831
4953
238
4853
3700
5157
7291
2675
5844
1205
1443
1976
1959
3411
6332
3036
8318
6621
4916
5720
713
146
2822
5337
4459
8828
1831
8977
484
6
3187
8602
2513
688
1592
3009
8214
491
3704
9180
524
1023
1398
486
3374
1352
2164
3511
1172
3459
4088
2866
718
6909
2212
98
4862
1376
1281
1015
9514
6032
4489
2222
5898
7850
274
1526
2709
1500
206
1104
4320
2620
410
846
7083
7178
4677
1606
1817
6112
4268
