157
1000000
732781
782339
107827
734013
223166
327330
174161
497717
397127
553527
230833
518696
898128
449762
119143
199614
130082
269484
581236
905636
507460
411459
734192
867777
81202
418764
133292
54681
471784
23273
502108
513451
170918
44042
250324
523547
402228
94364
190633
820136
823308
276546
182277
223091
407725
457760
291082
39816
81174
361815
179864
765653
10015
25255
578758
512697
424138
642600
216905
999322
189846
487829
211097
40061
99841
735105
593372
278318
275808
453393
234347
481304
263186
412570
955958
303904
583763
621841
419994
597772
265987
734277
132223
367797
55372
800386
926932
124048
892173
212035
24598
575651
828528
65748
66767
572625
176692
140910
901956
588541
171472
825839
73068
544022
119615
550238
265808
4735
105156
762895
265723
487303
368
353948
498982
388589
575862
215340
864662
69897
410915
237105
140982
730516
22845
678
65441
416237
20536
138869
381403
101872
311438
264447
173318
31025
79378
551001
861131
920622
253287
960184
511337
533234
592275
357400
688562
544920
77373
264895
389240
226058
372180
73627
98044
595849
217661
