156
100000
55428
94011
34838
473
29378
91745
35216
16728
31953
5233
58
62724
99514
32154
5253
26562
43682
37876
49467
66506
37916
31951
50406
72821
55834
50533
58622
18054
70622
1709
12105
40886
28088
37276
20131
51238
38365
59559
13712
24565
42969
33470
30246
29445
14492
37552
10603
32628
22198
44598
25638
81526
38630
21604
229
40266
58561
40441
66782
1756
37528
65736
19256
73921
9056
74362
13456
73380
20323
55267
11577
34728
61635
15482
41572
41962
48177
12480
58428
60264
49793
27704
25235
46833
19459
32226
78396
76458
4621
1774
54929
98885
1152
15120
21238
31094
33218
5668
8255
23542
91458
65162
80541
25372
89397
62589
45969
42652
27179
23599
3507
23683
5989
45849
19782
20561
23359
68049
16349
42740
47687
20298
71424
12039
30832
75435
1674
47006
1115
17421
62448
28140
69168
48131
486
26079
7972
68906
98226
59531
54875
69670
25029
33677
15008
18474
3921
57260
36900
39736
70026
44166
43420
30330
36375
52313
