158
1000000
18571
200223
276841
314718
322734
409121
811548
543898
363328
210934
497459
597189
747474
595905
995859
277971
282884
937472
418779
507409
346339
62528
198850
476789
568965
287080
863211
971500
849114
636672
155021
847125
294739
308623
4479
318410
806635
156415
536284
637417
14351
271807
28500
111490
107154
140809
216516
333641
247370
193365
101810
138341
236220
36303
688196
712934
280632
953006
53153
49494
895281
597824
39437
658908
62637
136677
705
450790
122361
589243
691377
722029
379078
252526
789066
4141
179075
109775
7898
788415
741616
428094
182557
418867
403445
763780
277027
578559
233500
321160
677266
402176
258384
657227
712920
533723
115747
238555
431035
63639
797791
596555
267529
189131
76962
357358
429526
685282
152875
311804
194634
379532
466277
87270
130431
838401
480823
46994
15802
678840
144548
949052
452903
50948
142242
202209
985649
145306
410757
732471
298783
439943
385516
166374
809545
937363
161
149387
423590
97935
101392
653661
448933
342773
762748
334551
147637
404095
286394
323898
289022
237252
236437
234016
104719
97825
297537
100486
