165
100
59
65
10
43
34
23
17
54
23
67
6
1
44
1
23
10
80
44
27
18
63
46
19
1
86
6
26
63
33
47
7
4
22
69
37
22
7
16
15
9
18
11
71
13
54
77
62
23
16
93
66
6
53
7
14
82
13
41
34
17
27
23
22
98
29
17
30
1
27
18
47
16
73
22
92
7
77
22
65
40
70
47
37
31
41
38
17
35
50
20
30
12
9
52
71
67
34
9
18
12
100
21
73
64
99
2
27
26
4
10
65
58
75
28
52
60
78
19
91
6
13
26
20
1
40
53
54
13
42
6
96
71
7
8
24
17
74
29
17
18
46
64
83
4
91
77
34
56
10
21
38
20
13
4
7
39
3
33
66
19
71
46
1
68
28
