159
10000000
19381
3635913
1736687
7962166
208772
1903
750224
4337436
3771369
2956392
5497519
7733905
3325031
798633
4085511
1043359
8938
9590243
3013323
1961881
9249776
77502
3516913
1014653
1089041
2439618
1637912
3809895
7742944
2869142
6909198
1726456
204697
204680
4346999
846801
1919468
5720466
1732978
4469157
5221097
5328885
6977477
275947
3938338
5463814
4722605
4787431
2909243
6296672
5174908
2175722
1887601
861
2649788
4314426
478999
3057972
8406639
8080532
135292
739581
4722501
4423750
239753
5117465
127240
9479819
7043608
451026
4076542
2074729
2550495
1176076
5089684
520181
2882030
3236175
116138
6597333
2185229
5093624
5403164
4832814
2524468
9014113
6662077
5730084
329957
3841785
2348015
5662564
1406189
187254
4502481
8267022
1973292
1004224
6364087
451515
3802933
6745445
6228631
3168703
1921696
3766569
1593361
9519148
9624900
2138855
4911948
2816219
6390189
6483087
3539892
1667044
6022923
6304598
2257056
12892
5035663
519919
9103438
4906376
2624358
241099
7981123
4240070
896562
969008
6536857
2864554
4929350
3507795
6460108
4964337
7375642
375100
441108
1613143
1745448
5109409
3695402
2527252
1059904
3116586
3402667
3135079
8112399
9980619
5759930
9795320
9998097
4790878
409757
4910594
5923458
2255637
5070650
