174
10000
740
2570
4207
5012
5542
8373
2431
3188
2275
5361
8398
6518
9900
299
1362
1877
7352
2140
2257
3775
55
1546
6400
534
1405
232
6656
1712
6828
7009
4377
2911
3306
4639
2008
1852
5149
559
1630
1530
1681
1290
7514
391
9260
148
2287
1304
1265
7070
3297
6047
8722
1870
9466
1785
162
8557
3912
1584
203
8638
6225
2366
913
3482
4919
2187
6274
9961
619
4903
7608
4090
1278
1451
3707
2707
8504
4523
773
1670
1486
5558
2706
1946
7085
3185
3329
3937
2176
1101
1770
8799
366
3234
6222
100
2469
6903
956
928
2329
342
7671
7259
172
5132
948
2981
1496
3205
1627
2956
39
3658
3360
3097
7034
6671
6323
3778
2818
159
5081
4225
5770
9227
9441
1312
2807
888
2195
7805
1425
3793
1929
7266
368
1201
431
3644
826
1068
2646
796
654
255
2355
6694
655
2160
1310
1468
40
6766
2838
4472
1374
1076
7307
1255
4868
3677
3172
4
379
1113
4277
3876
1415
5402
8585
2570
