162
100000000
57948939
14413218
10750230
49921798
68279685
12786346
33071028
72881640
21180860
62802134
25266707
71719793
22214146
21717481
67829340
86144141
74733293
28489737
16363681
86891107
16022455
20959827
7717092
21206360
37382109
77677003
48657227
30148633
14717741
13855859
27147129
15454699
12116743
90398779
37885293
29883457
529792
22322997
36253140
18341995
87213654
43070270
801553
98870215
12842799
12257752
3261966
15654585
25838693
19055622
14626554
56677664
93425619
87157201
21864789
30738620
75916503
10157037
33154456
56340078
21756037
98969971
69457566
33047938
18148937
7690354
65687011
23645030
60541468
24083497
89249770
9601221
35650113
46877099
9349207
4868154
6162589
1173422
6574381
81658005
35969568
38822638
39458532
15276771
27000252
74620013
87861913
5400879
27495394
11138729
85636614
2013279
80312707
18786437
72392501
51342773
37179924
467243
105965
1030029
37161767
98826578
26305514
94143475
66845544
6430368
752075
4227879
31720315
8065073
5856525
30273921
29870082
14871
40753102
6520049
89842963
9817423
72852871
90182577
41406499
21743167
36678141
80943545
48176276
3558293
49669551
13108893
7364965
70899341
89043001
5674564
51343481
43702227
5546945
6839205
31376087
85282259
1577107
58593501
15185444
15072223
69519228
29609578
1129785
19217398
56929730
66928972
30542434
24383028
34264889
53709312
79040173
53122901
14363386
61177362
23115807
10956999
57226811
12138087
4032708
55830530
