165
100000000
43932671
6906373
7939079
32594826
34275358
50401072
52134284
29351347
63246558
3483501
482267
17529024
18292013
67714576
7459320
31014065
4013276
49015361
50542772
20905412
69083747
59260833
61815272
2637507
15274742
9598724
27894389
78390822
10660961
23248794
99517733
4693502
9654736
31062812
32587129
72500117
89228883
24443418
16126517
64044881
22273162
96516499
11135853
32823042
24671869
24215815
43809903
84725258
10771117
1271359
7140993
20332356
80804848
25045
669397
7675779
19274608
4855160
3298580
15111264
10738672
63154361
50349524
10630754
7734050
93093627
757691
6804501
2664420
14538938
92540680
40721079
18658466
80725392
70648653
72105611
21231098
18033957
17367239
61117000
86226640
57154432
27206648
13995869
45805344
78682073
75504451
78681604
62132391
48113556
1169202
24634196
13661301
29254874
26251501
20920923
75784185
90345264
5110104
9465926
49647934
20513556
29295395
94889896
79667644
3006278
82632761
6093861
81072191
11256073
74668315
28741649
8921958
35997041
36845639
38370119
29262770
5842111
73748499
10345305
44160916
42845568
86004131
8053420
12513283
35955119
2262704
74200541
32485381
5810336
26960304
10239492
30916253
86172089
21196969
17937032
21598957
26930083
18927809
97335580
46223611
89760508
71077233
11719203
34607052
3793584
46576311
45370269
42475848
13026658
45503364
49815437
10380163
47678030
25331685
51886444
39033727
5478909
21318396
4129712
3056964
60878188
43431084
67698327
88347553
