170
1000
913
544
811
13
132
808
179
538
344
352
936
429
726
22
457
205
108
532
916
487
330
901
337
525
377
227
808
896
189
321
785
24
987
507
845
155
258
410
468
345
92
23
439
46
465
653
472
513
474
294
90
268
352
63
187
87
193
129
161
540
30
126
84
401
31
104
13
125
531
729
434
11
299
662
990
250
100
353
822
192
387
685
264
54
128
10
152
126
409
79
795
77
169
99
249
309
205
429
349
667
442
364
380
18
241
624
454
244
617
430
467
910
164
1
866
533
248
10
482
561
246
518
254
389
447
390
190
266
67
634
317
312
284
87
651
134
529
53
178
366
447
243
160
178
269
392
566
571
532
308
679
441
63
134
162
10
293
274
234
338
88
366
223
558
638
104
340
197
98
109
