168
100
18
30
6
59
35
39
14
41
19
93
28
8
16
64
38
10
6
41
28
20
2
18
8
7
39
12
76
76
25
49
51
50
71
10
79
54
39
4
49
63
18
27
90
61
3
4
37
34
16
44
13
68
20
13
6
23
38
15
7
21
53
26
7
30
33
25
57
36
41
51
39
20
73
36
23
32
14
24
79
94
79
2
31
23
19
10
38
30
55
4
42
83
29
20
84
14
39
2
22
9
18
47
39
36
1
59
87
36
40
72
5
61
26
31
39
86
4
18
20
94
82
68
24
59
6
75
46
24
6
50
20
30
62
57
5
82
70
68
91
8
25
67
35
32
38
3
21
28
16
76
24
14
66
18
5
16
44
19
13
64
65
17
12
30
17
17
46
39
