162
10000
838
906
7049
1283
202
78
5008
8375
6152
78
929
3707
5051
4734
10
353
8910
4307
5971
5555
2880
4269
2911
2252
7590
4555
3113
1489
2940
4204
145
1546
6512
5476
470
1798
9162
5420
4029
7292
4524
6195
4068
260
4775
7425
9678
4438
234
3571
4862
2203
3058
436
1394
5146
9169
1109
5376
5094
1980
396
7380
3628
5384
1117
1295
101
3678
5623
4062
186
792
9647
5651
2691
5731
36
1621
7
4942
2410
4819
3237
5564
8093
5225
4924
4580
3834
6591
4373
6166
3848
3271
9696
831
2620
240
3647
881
322
7089
8454
1907
4624
2347
3737
4299
825
3108
3805
257
1080
1285
304
853
4871
3900
4377
495
1682
2570
988
8379
822
613
3383
392
3384
516
2353
1462
3395
8511
4616
974
3213
2518
7748
3183
7797
5154
9175
5659
6787
2610
6428
5627
3574
3572
9026
4341
6763
2488
4162
961
6100
1062
4972
1164
2575
