167
10000
9379
9017
5008
412
4765
1538
4175
1883
5879
4110
1316
1975
1341
9139
7616
8683
6327
3064
1598
346
2219
2746
621
597
669
5902
2378
9911
389
3207
3673
331
77
2662
2128
3751
284
1969
3821
89
920
5635
4365
6249
7012
699
908
1268
5717
2471
6521
2011
9554
6513
1998
8462
5195
4886
8848
4121
6516
7557
1476
4809
6809
4088
2757
9995
5912
5
1666
5328
501
7529
159
7361
446
4283
269
2750
910
3842
308
1
2164
475
2190
94
6793
301
5046
2956
969
3894
2652
2378
861
2522
471
2540
727
2332
5562
1482
9093
2988
4454
5872
1254
6274
3836
7622
2637
3193
1126
606
7363
3835
3511
4324
9611
8279
3878
8031
738
4778
1317
4098
1152
3468
4866
1490
4154
1504
4680
4940
1809
3859
2773
4143
2263
3152
3176
535
1784
1305
30
1093
2873
5345
5015
1419
4645
663
5355
2592
5890
7227
4954
3191
6540
5298
4493
1244
4088
2694
5546
