157
100
4
39
58
1
81
6
49
18
83
96
17
4
29
37
68
11
3
50
62
66
12
97
2
70
25
28
18
19
63
57
88
9
91
60
17
32
80
2
69
35
12
4
63
3
15
16
39
7
93
25
93
52
22
24
95
5
76
20
30
50
5
81
32
13
24
2
19
1
26
37
50
48
8
96
51
64
16
1
7
43
3
50
6
78
87
11
51
9
11
3
22
48
27
53
59
7
41
29
36
31
17
37
92
24
98
40
84
42
50
41
38
45
65
11
1
23
46
65
39
38
18
63
86
22
58
1
15
15
93
2
53
5
88
78
24
54
29
51
7
54
56
19
48
37
11
100
14
63
31
48
84
22
4
16
10
7
32
