154
1000
432
87
661
39
158
606
17
457
194
16
423
961
813
184
577
727
368
23
59
166
988
983
1
309
585
435
273
439
852
913
164
729
273
359
12
261
413
50
196
171
185
105
421
116
310
60
658
69
632
205
47
663
571
834
31
478
817
795
805
41
324
535
861
114
332
78
113
326
166
169
501
540
350
96
247
113
763
385
139
26
17
441
53
303
302
256
568
296
196
940
957
127
122
187
266
887
468
293
904
668
120
276
581
544
87
522
251
983
27
744
113
909
594
587
237
262
187
904
579
63
445
456
587
390
91
311
418
96
465
412
148
419
302
43
134
618
219
947
753
266
561
873
208
297
491
96
17
571
842
132
468
9
884
815
