162
10000
5795
1439
1075
4993
6828
1278
3307
7289
2116
6281
2526
7171
2221
2172
6783
8615
7474
2849
1637
8690
1603
2095
772
2121
3739
7767
4866
3015
1471
1385
2714
1546
1211
9040
3789
2987
52
2233
3626
1834
8722
4308
79
9888
1284
1226
326
1566
2584
1906
1463
5668
9342
8716
2185
3073
7592
1015
3315
5635
2176
9897
6946
3305
1815
770
6569
2365
6054
2408
8925
960
3566
4688
934
487
617
117
658
8166
3595
3883
3946
1528
2701
7463
8787
539
2750
1111
8564
202
8032
1877
7240
5134
3718
45
11
103
3715
9883
2629
9415
6685
644
76
423
3172
807
585
3027
2988
2
4076
653
8985
981
7286
9019
4140
2173
3668
8095
4818
356
4967
1310
737
7090
8905
568
5135
4371
555
683
3138
8529
158
5860
1519
1508
6951
2961
112
1920
5692
6693
3054
2439
3426
5371
7905
5312
1436
6117
2312
1095
5721
1213
402
5584
