156
100000000
72006158
21390447
59095265
62680359
25013191
56211904
23068274
97784241
75618146
22044548
1627902
46169421
67756037
46100942
99577338
24748622
3465044
11580678
74987702
31560130
28565892
49880149
6937203
63530798
31570637
93476832
27993842
33214901
74986809
89533534
48004533
63455910
65124557
29899517
64728792
43708076
49869359
3697163
46958936
16146967
47423011
7737649
47028219
13257779
24337382
57220737
14103965
422662
3724530
58011523
10643040
45881953
22488759
18518917
25736694
1752264
75662618
20290504
18516884
5792854
2228780
36441637
24571990
52971781
16550040
14163767
88379285
8228445
25713603
34875443
59785150
10889875
77589658
68439870
963262
64496905
14468814
77554251
39977719
94674935
2380508
33079046
89313546
60985834
31171180
77557985
76931726
42835361
34058072
6714732
95606298
41074773
14265544
37971080
82961475
10257037
6155109
41988477
15693923
18383864
74286397
37596077
13692701
33119533
53830579
98247736
22445749
99951321
9503204
62403923
41193014
26115974
53470659
40214850
30969584
35651037
52957066
31822971
46529341
36469202
40728727
51995467
62308139
10686454
5512301
43267103
6467945
43788096
50130641
47042934
27700636
30586225
56732897
4393702
11798975
2215759
74263306
10218087
37691861
48679
22124395
6523168
35271208
63945374
13590485
9192466
47741
91771555
4026478
51977685
1626666
38835470
18297566
96275470
6733416
17038525
