168
100000000
70717372
20417488
47539809
33660908
9028931
35001257
65273808
7885533
81700390
12235338
38585460
30720703
57176254
16943195
11326886
29193461
32828822
73132770
18299610
94849851
45215001
28517530
34455535
34644857
18372490
13017304
16444452
28496210
42823746
10573539
30812942
60941012
1925659
38451977
8939514
48274576
49214811
54496704
36068268
34760314
8290023
28183066
16716410
15351346
94204378
33462533
21915139
51993891
1515387
10024345
14855163
40881378
90744685
24340768
65544465
49608988
71816934
51725424
32277103
39058988
50896659
26867230
15579035
7439841
62006073
34385491
61962502
30435776
58857120
11614983
1563532
10786589
3765510
75659232
5823388
64413403
92778508
60999439
75927220
83388317
66537467
12230142
31527579
21139392
10066395
83283590
28435051
20417920
78056987
5523246
32151837
35775967
94132886
616215
8780184
34227720
58514087
49350407
4773655
80112271
69564224
50912881
71708456
50316661
39146700
498472
60339783
61069143
26411291
40325362
14427465
90971069
11070732
21879701
48671314
10057396
27130384
18177503
64998743
9171842
15854859
4717722
32600241
39309562
36824822
97693394
16510593
5795622
8715842
79582512
40888219
39946401
43286133
77273491
12873172
529822
17791465
35786002
98484613
48047890
41485913
74351
15292596
65239686
27734723
16625598
50785189
18511134
37476966
14767321
5867114
48347752
30403838
5150149
3760375
49087119
32968765
7221492
6031796
19887729
14010667
4007771
2306606
46689522
18225149
89426461
4387768
8587404
