152
10000000
4197974
4145135
316658
3334563
4314234
1033537
2568968
2756522
1919994
93228
7388499
349814
5854865
5795732
3363526
8893294
1766477
6141027
8203794
3989835
1247216
2800890
114003
709062
5122528
4741127
1628243
2462992
4815849
5010521
1803158
9694360
9885997
8974280
3429432
625662
6365490
3929874
2949009
8060748
2439100
893485
1125627
6570568
563238
2031592
2405572
2168393
5675114
1985771
6953815
275860
1796206
4407238
4589173
9246189
5148141
6635631
1195130
369363
294951
9675465
5453293
3358650
2401943
9942593
4546707
8920143
2818
9650186
7353604
6070126
6936062
305640
1824411
5410827
1521922
289663
1106706
1208101
57407
157745
4287627
2771348
8752784
1939252
2611501
7050991
8291174
4546687
3718104
2645748
8014229
6843736
8966463
4391295
692070
2078443
4851859
6954219
795401
6773459
1079857
9147525
7749885
7571385
1899352
2250115
2943831
4553362
7831607
765507
4483078
2663843
2428615
1055118
1138251
254555
4204268
4063206
5712373
7228652
3134261
8851680
852475
1148320
3396454
1983436
212610
1454271
2356972
7643028
6590546
5698705
4120622
61741
3063938
5641843
9906772
324535
8175589
2017916
4957139
1704619
1387185
3156264
3409454
5938121
101950
3011269
4945745
4989479
