152
10000000
630788
5990251
7801506
681798
7585533
2989040
1318651
7314976
5735034
3366832
3732145
569745
1002320
7996757
7759178
300657
37861
9699343
6781270
1488509
623861
2086082
2685024
1596280
3838642
281902
1825769
1261337
3282838
7913918
2101980
5185070
4082537
2203340
3212404
3187410
2199949
9376139
1616398
1559793
5339441
2837410
506365
8174231
9398068
9106189
8704125
1209179
6043672
2951557
9350434
2527929
44982
1501931
1678022
8420518
725562
6933931
4065873
1105732
6717162
8383602
6817790
6784
4070
7162590
1649184
6342981
3746282
5897130
1874074
1745035
613630
893811
2351906
8254965
367690
2762580
3053899
5189996
1493451
7800051
7796660
96514
6902326
47707
514734
1617176
290187
6267855
1642536
9934389
9718098
229690
464997
6812590
7163252
623646
4463201
3079112
9910412
732393
4753619
6787596
4640916
7092707
8997680
9632310
3858777
1809183
1327106
4681548
2369485
8488171
89588
5432497
4921632
6319666
3642473
230653
1604856
6040306
3956328
8399650
601932
649566
8498069
1048971
1180508
65611
8395144
2749021
3234132
3007710
1400672
8460221
1295875
7250979
7038813
926149
2836748
3333453
1579482
419609
5078368
1511829
8764855
4002965
2907293
8738663
1235145
3747314
