170
100000000
75836746
8505627
4123225
23323378
18335393
38645317
97831516
49215903
5989653
34632612
23798489
8234744
57173054
46057049
13001339
30056102
48410802
64933225
18612370
8448929
13846541
69943898
22959789
6074300
8943000
8327202
43877885
67859564
15458868
34600528
69798855
18714681
48849486
38288443
17930253
21745979
64454331
11269202
35544651
23583636
37059918
20362708
18173672
1461503
70158147
7505164
33662604
18800774
26538873
55906572
34832145
24163254
65167855
77269089
21635306
63961347
46069533
91367034
23227125
32215018
6693996
5014967
53607016
22334511
2297912
76998696
10052879
48323083
48792159
4060993
8837800
30201145
22347449
89858055
95876775
59594723
36832407
37975204
7715111
45645623
335935
12936905
68158451
54354377
14329605
4762378
48746493
520490
15675850
31899650
30866879
25641944
89947121
2828380
56122115
30792745
5924678
57783300
22730911
11998404
1340239
35421971
51097735
6258217
43258815
60814286
50784097
28583924
29064242
37799365
17076626
51006060
38828515
21443040
53930467
25287325
53431551
32779514
98964130
13500726
25384856
62949926
8749475
16795724
9622909
51253507
5162141
51589198
42257311
5727213
64578029
13423340
1035870
72988528
26151153
17185624
41283322
21781346
86536104
35545669
31841549
51676917
36568593
38771584
35066775
61354683
21709048
22421289
10927061
7393751
52275825
31306
46568449
2905753
13310816
77665489
80502360
10141945
1647994
63470806
30554272
62940082
91057000
37872168
14879909
92606249
78556960
60434441
18989575
48993940
