160
100
53
58
97
26
26
63
6
92
9
74
24
8
47
54
12
50
22
13
14
6
18
22
5
8
40
27
3
30
46
2
62
64
41
1
25
48
28
40
62
14
69
54
32
50
76
21
46
62
72
41
75
10
24
45
40
3
18
54
35
18
4
37
67
20
38
21
11
34
89
16
8
32
69
6
14
20
55
32
23
26
37
47
60
8
45
76
24
24
42
86
7
56
82
15
69
55
37
5
18
6
2
50
1
14
79
31
11
31
32
8
38
53
92
1
10
45
50
46
1
7
41
22
11
46
33
52
24
35
58
45
80
30
90
1
52
70
15
31
47
58
66
47
27
55
92
6
78
84
27
18
76
24
36
35
7
46
66
27
34
100
