171
100000
85479
5871
29211
19091
8910
23152
6951
23072
8122
8373
73847
67130
14306
9520
2823
96480
52548
72250
51932
46365
81001
82487
46035
23861
25552
36503
1587
89611
14521
14310
12454
17024
47811
60674
19561
8013
15662
14583
43314
76204
318
77204
6040
26287
3213
2257
49009
87546
96910
61739
94129
31107
42865
61472
19292
38785
42831
45972
15467
856
14605
8557
9976
40939
32870
7328
47342
43090
43477
11540
70033
38528
27339
17178
96787
55471
19923
73713
31036
44529
29971
20370
27750
43171
46015
10537
19782
70548
48461
55315
18488
48068
57167
80276
78243
24200
99626
29452
30471
56523
4840
34731
16641
85417
38261
42541
8760
3070
6544
45
65269
67750
14786
3489
3381
19984
12684
675
90166
48524
22279
16202
43880
3097
16598
12298
18999
23967
32250
69348
13469
11484
36893
99144
49092
82431
24196
3090
65153
96611
28932
22260
49766
69529
18376
84533
872
4732
374
22796
29967
24337
3520
12699
26795
56910
9834
787
18645
19724
70936
12147
22095
41337
55847
10389
63620
3389
537
21613
16468
