163
1000000
682254
167397
604027
465043
395973
436436
755429
336511
91684
479499
25370
261855
672815
957932
18759
315524
204841
183105
40137
946577
160606
46572
36419
37463
392980
181
127384
502063
477858
613889
115753
126261
987831
42068
883404
268022
33840
105189
119362
204227
605885
303771
292347
87931
684476
528746
135198
494044
795773
455332
514829
86735
530555
571638
165528
264493
537372
39798
177059
404387
12169
834472
85620
315528
396607
400040
602558
366912
873739
594416
222108
414047
400786
363483
548954
671776
567986
662242
342743
328224
607020
151932
371534
378923
203400
292577
341943
102511
401343
835270
76798
554077
402790
148061
450612
542293
795159
337758
798908
598657
261554
121324
341342
914380
53423
893285
430355
497937
597210
86857
184191
974404
407486
25596
36062
297583
348264
549388
164730
164005
354745
595613
80602
462628
461839
68991
303410
401634
17802
263095
448241
272330
201092
470679
397442
106715
520501
325851
62841
357992
646095
592514
696229
457707
672703
82027
231738
112696
45403
73351
361464
101538
999828
189900
551759
393260
437161
322858
327185
333239
172
210731
242610
