165
10000000
3352119
8076591
9647789
6147427
8543204
1264875
7168465
241530
9992386
497430
2036953
1109999
541166
6413750
4091696
5560755
9922474
8890001
469857
264682
9758470
2080724
2079675
4704301
1307069
4417585
2289036
1315540
2179994
2028738
9886055
2612647
5753350
374495
2820614
2605747
9410585
4472386
1915993
370006
238533
109011
7893168
4031180
5050929
1825568
8362115
2944705
5211729
4968767
352211
1456796
816523
607942
2881862
8700476
818786
1848663
6668173
4781606
297710
8047361
5186688
257485
373920
3088854
464552
4543652
569852
5367138
1476568
4173433
275892
749016
3626556
7686785
113945
3876030
699632
9761467
9717397
7636790
3128909
1265151
7257703
2320621
5160766
6061213
7614
2540320
935619
4933689
508961
5527614
89977
964399
1636975
201977
2650258
5157931
6711
7349742
7876627
2449594
6960282
2457040
1637885
884387
5305729
2322126
1806059
1319825
3523120
6056450
51565
1528117
3387202
912019
5840429
1952639
4423060
1855259
3938787
835093
35749
4839234
9248767
7239284
812619
4246650
3039718
6373444
311122
3444
2231887
7677874
599892
77526
9857346
4067649
8735125
3852573
142654
2773631
2119929
358735
1390415
2346679
4439245
3931867
3776356
2915478
589415
392498
8555420
9629994
7820006
7919276
2920333
3518972
959010
1924492
298417
9392058
9430148
