155
1000000
471463
154738
351196
541719
373377
454193
107085
143062
763068
760730
347827
461226
288468
538774
943693
219504
879356
480409
183592
370246
214325
312766
816408
53019
355989
15001
171374
368995
491717
652173
392875
88798
30315
365820
72989
822359
200692
462
342599
485273
704614
552340
89889
439596
425929
508283
720448
545807
528794
644011
179019
177641
895754
424705
161838
341938
104246
775633
172403
506374
60358
187377
92860
646759
295474
812623
295386
130285
37505
557931
704526
519591
672859
38106
211885
69479
124298
799308
39755
45044
26956
532541
217111
374533
200701
443303
21376
28692
402304
5487
515279
410328
425761
658062
409186
363036
78488
255097
643278
433268
625467
252312
196634
543963
626623
199593
133891
308504
643490
521335
607125
785675
186175
56307
636964
709900
325676
875702
969685
396558
649128
57131
304791
154237
695209
238808
196087
266449
748273
800407
85791
226581
329023
332450
11494
574239
426284
353241
117235
866109
471206
618863
149267
603442
199427
575295
442069
356722
526740
176977
120644
484721
144625
367367
954956
