170
100000
17395
18488
51515
75435
7828
24565
17994
14752
43406
75809
69995
7523
70687
24895
27119
8047
27564
63988
22806
31546
94153
2167
95176
39199
77840
64025
93489
2937
18549
15105
21549
9634
12278
15493
22435
4355
2711
45748
91953
44664
52399
3323
51813
29872
41896
67519
68108
36639
16785
9814
33751
60803
75105
30886
41629
8928
22160
69114
36474
73303
27599
3139
4211
35832
51413
3076
41893
56191
30005
27253
16381
30484
70
16193
43926
496
29236
43633
24888
14332
33568
38024
35207
31678
43809
58589
23790
64897
31892
32543
14315
19086
26175
27739
47350
15626
49701
1856
28611
32054
5847
66029
18885
3245
12365
7692
68687
56367
21285
13169
96924
5792
13044
18866
24036
25961
28475
48485
35371
35797
6511
9974
50756
72881
5001
48587
21804
19879
54252
94999
30203
4824
68514
37983
15752
61976
82006
46905
15772
97459
2395
58694
10190
3379
28717
56604
26102
40597
48737
26697
51680
18757
53747
41223
16177
71765
68136
81115
4867
12400
44698
45739
32633
41411
29383
2541
54821
41733
25624
45179
