168
100000000
12148599
52277231
43491958
12159047
19286439
3295988
37979150
65628753
34371247
53997392
86341208
29156058
19189446
56661052
11344923
68016620
44694899
29759817
87840953
18320265
46922255
671870
76356930
73072208
37601547
62611
4074702
7642410
25899851
47167271
22538403
19245817
31983380
56779736
8246449
92139065
31958224
54538178
269043
14346107
11849356
43418096
29866450
27001452
10033191
43618551
2680477
95925298
37862100
27839631
26846680
81679735
46646758
15566600
1040980
21854121
21628573
97928260
43992185
22304897
65559028
16654403
15010327
12902217
34737901
16324147
51813480
73137185
27693081
2507014
8116395
3178396
82566644
96646165
2792505
36347344
27922694
14787502
23156925
15430221
5656759
6189618
7908600
2012119
17498953
23643070
23996808
4551653
26621632
2923005
26002678
35860507
22709366
19030462
11979305
17679742
91753551
13658792
30367894
48991549
61636375
62137900
43438676
43338948
376050
61004721
25880165
26592103
28908661
17886000
2195470
47722769
12244230
99623950
38891456
16897859
95663032
34440972
3353835
73664814
39597710
37224739
52263530
88655077
25374303
44842578
39887796
53077745
35719127
46549812
82734067
61585490
26335186
7860935
9524756
47736470
5811508
34705372
45977055
38414510
85212498
17942749
82114000
63683099
17011253
13387992
70133550
52302306
11454425
36183158
61108544
11813143
74119835
43270612
8967349
36316901
8121985
10029933
1802697
60402290
28299085
34153252
64430036
50769711
20868881
31351699
97492986
74100149
