160
100000000
52808706
13928962
34074701
52363415
581446
65556856
69543099
49145408
20579384
3894303
2558143
68699255
67167769
8071857
57932576
14369941
41678140
9488639
31797091
48166400
50854592
268111
84779323
50011297
69876939
19594858
7192574
85355205
43622922
18068294
15253531
65277147
48607714
26811477
70929780
21866100
77703716
40253566
56377078
29540898
59803017
42404657
19533525
5233848
76588217
14792968
5261658
87707275
15220677
32832231
38583284
37715857
12292725
65899471
25050343
663886
8260851
24899582
48930089
70802232
92350739
8294344
3817211
47880471
64165647
47309492
25828
40157639
47358414
13545436
8151794
32017142
59198758
3763481
30126700
44906821
70423373
3484140
52690508
51392286
386736
12997066
76423396
20369116
99418554
27069186
1716900
27238134
99613264
15901660
5617614
1788999
13705740
10862043
91739149
31300745
58542894
10125289
30409594
44127317
29197768
80466475
29432767
65215535
23014889
22565315
14087965
2133754
7275925
86460876
6263199
64717742
57595343
7649261
70459102
43371949
6140888
18150125
21269278
2079999
29070220
16491939
58131884
14644795
52333413
43427813
39433689
30123061
4294638
98211001
91705656
15228323
47800826
4058741
39863414
9077390
30409965
62284143
25404015
34784465
93803218
76985111
15597559
6163090
73188523
49473762
5507364
5757365
63684476
84655632
8730690
66094880
30439611
14074028
6196782
35282258
45018874
52641586
78730722
96105697
