152
10000
631
5990
7801
682
7586
2990
1319
7315
5734
3367
3732
569
1002
7997
7758
300
38
9700
6782
1489
623
2086
2685
1595
3838
281
1825
1262
3282
7914
2102
5186
4083
2203
3212
3187
2199
9377
1616
1560
5340
2838
507
8175
9399
9107
8704
1208
6044
2952
9351
2528
45
1501
1677
8421
724
6934
4066
1106
6718
8384
6818
7
5
7162
1650
6343
3747
5898
1873
1746
612
893
2352
8254
368
2763
3054
5190
1494
7801
7797
97
6903
48
514
1618
290
6268
1642
9935
9719
228
465
6813
7163
624
4464
3080
9911
731
4754
6788
4639
7093
8998
9632
3859
1810
1326
4682
2369
8488
89
5433
4922
6320
3642
230
1604
6041
3956
8400
601
649
8499
1048
1180
65
8396
2749
3235
3007
1399
8461
1296
7251
7039
927
2837
3334
1579
420
5078
1512
8764
4003
2907
8738
1236
3748
