174
1000
300
475
147
494
182
386
29
978
837
185
24
147
623
690
241
587
46
203
95
219
147
120
445
195
525
936
196
523
10
464
41
182
98
336
592
731
849
209
797
21
1
303
64
317
37
220
309
464
382
143
567
22
14
84
96
524
574
4
732
88
9
7
619
102
968
6
536
33
516
32
151
117
167
644
364
70
110
822
22
645
857
972
476
292
375
433
763
343
679
786
299
996
22
141
35
978
498
273
306
347
384
901
414
116
451
222
123
10
344
153
664
264
663
275
206
855
29
587
30
566
579
209
381
434
244
382
310
132
654
88
361
114
524
986
5
214
79
43
679
383
421
145
144
595
12
129
4
104
857
315
694
429
82
299
474
122
408
178
604
179
112
321
469
143
307
583
757
237
28
636
555
168
352
18
