164
100
17
4
95
8
58
61
29
8
14
49
13
16
38
41
19
33
91
11
13
51
65
78
20
2
33
27
18
40
39
76
15
19
46
82
2
28
29
8
3
45
40
41
50
49
31
16
64
52
57
25
84
19
40
17
11
81
31
9
36
48
5
39
93
36
33
15
9
50
59
2
49
11
74
59
7
10
54
9
5
35
65
1
15
37
44
30
15
80
48
37
35
14
46
4
60
31
9
55
29
6
26
71
84
9
41
49
35
10
29
17
63
35
33
70
34
5
43
60
50
7
98
5
17
1
66
64
95
20
1
22
5
15
37
99
7
14
4
50
67
79
42
35
1
32
41
33
95
34
8
71
91
19
100
38
62
26
75
33
16
50
6
30
60
5
