174
100
35
48
90
48
37
17
98
85
1
1
11
63
9
49
6
60
4
96
15
8
1
62
65
1
23
5
11
46
37
18
9
6
11
54
25
54
24
74
10
24
13
18
14
4
22
2
26
9
21
2
22
60
45
40
7
27
16
43
2
13
57
100
68
29
47
1
20
43
8
19
11
27
13
22
36
52
47
55
7
43
55
32
30
63
90
16
17
8
60
2
86
33
34
38
2
91
9
11
51
27
33
13
19
15
22
2
38
22
1
44
15
41
16
26
61
53
11
76
56
4
15
44
40
78
7
15
18
6
14
25
44
46
10
22
41
87
48
85
47
26
67
44
39
44
55
40
28
45
36
31
23
50
98
3
74
46
74
6
2
62
17
38
50
37
43
46
73
40
99
43
53
40
4
57
