158
100000
59909
18181
34530
14576
72088
36196
387
98808
13062
20085
38433
35896
34732
1549
68054
30738
4094
53039
14602
96657
9763
10900
20292
70630
16937
43675
18881
31946
13029
80306
58184
91811
2609
17616
4422
59244
2187
59128
42717
89384
3746
22116
52768
10144
40872
61160
64104
77397
74844
21233
65341
94451
39548
28124
569
19694
86749
713
39475
1873
29203
62284
14410
33684
9031
99431
18
77884
24898
70156
10147
99287
27804
42620
52488
35843
17043
90237
4175
82069
7502
1794
56325
65445
47512
93503
179
6750
6578
43486
25934
72719
3499
2706
66316
10185
13251
51207
75254
21090
78767
54679
2998
1413
33341
39894
64722
68132
8189
73909
53644
60106
8821
59623
1556
29159
46961
9580
98239
15199
2323
5549
2543
46356
18470
258
23104
51010
20868
48793
17931
4796
19659
38184
50544
27281
10598
99613
1192
1761
450
23522
39466
75804
2350
89853
86940
31868
63375
10399
98587
92498
43515
42778
62248
6600
57641
24196
