170
100000000
17394377
18487528
51514170
75434419
7828342
24565581
17994617
14751804
43406634
75808552
69995291
7522765
70686315
24894141
27118705
8047895
27563585
63987186
22805712
31546649
94152552
2167943
95175124
39198989
77839075
64025798
93488483
2936420
18548904
15106859
21548992
9634828
12277141
15493635
22434172
4356662
2710764
45747456
91952105
44665402
52398178
3322306
51812709
29871706
41895981
67518858
68107797
36640165
16787748
9813997
33750864
60802631
75105859
30885326
41628413
8927979
22160925
69114674
36473060
73303551
27598259
3138556
4212589
35831644
51412522
3076277
41892122
56190107
30004709
27252181
16381541
30483255
69655
16192460
43925019
495493
29235885
43633230
24887368
14331721
33567843
38023574
35206163
31677567
43809893
58589029
23791120
64896111
31892203
32542831
14315856
19086850
26175910
27738214
47349664
15625173
49700634
1855392
28611906
32053325
5847448
66028023
18885203
3245257
12366007
7691784
68686115
56366770
21284613
13168490
96923723
5791649
13043730
18865118
24035708
25960947
28476722
48485830
35371953
35796250
6511517
9973589
50755501
72881295
5001523
48587478
21803524
19878765
54252544
94998477
30205564
4824876
68513858
37982031
15751843
61976426
82005383
46904359
15773434
97458316
2394276
58695663
10191307
3380471
28718372
56603587
26101876
40596291
48736759
26696449
51680353
18757953
53746753
41222542
16178807
71766293
68135950
81114797
4866932
12399292
44697548
45738012
32632343
41410971
29383372
2541684
54820467
41734184
25623370
45179533
