157
10000000
7327808
7823384
1078273
7340127
2231661
3273309
1741615
4977167
3971261
5535265
2308322
5186954
8981276
4497620
1191426
1996137
1300814
2694847
5812351
9056360
5074615
4114593
7341913
8677762
812036
4187649
1332911
546810
4717834
232721
5021078
5134502
1709176
440420
2503252
5235470
4022287
943640
1906341
8201365
8233079
2765459
1822761
2230909
4077243
4577610
2910818
398161
811731
3618148
1798635
7656526
100163
252546
5787572
5126969
4241382
6426008
2169042
9993212
1898455
4878286
2110970
400602
998417
7351047
5933727
2783175
2758079
4533930
2343474
4813046
2631857
4125695
9559580
3039058
5837635
6218408
4199948
5977713
2659873
7342777
1322238
3677963
553713
8003863
9269311
1240496
8921727
2120347
245977
5756504
8285283
657478
667695
5726257
1766921
1409112
9019558
5885407
1714717
8258385
730689
5440211
1196164
5502380
2658087
47347
1051572
7628941
2657223
4873031
3679
3539473
4989815
3885884
5758618
2153396
8646617
698974
4109165
2371059
1409813
7305153
228447
6788
654409
4162365
205356
1388686
3814021
1018724
3114388
2644461
1733192
310265
793785
5510001
8611314
9206215
2532869
9601839
5113361
5332335
5922757
3573992
6885612
5449198
773737
2648953
3892408
2260579
3721793
736285
980442
5958486
2176616
