162
1000
439
660
805
948
577
340
208
195
361
236
365
730
391
291
638
344
635
362
314
368
304
461
423
933
55
4
68
889
245
49
506
317
389
657
664
36
150
48
387
812
396
377
110
653
91
343
522
494
36
426
636
128
756
360
808
56
70
52
686
123
674
121
29
944
176
230
691
190
505
15
76
964
952
67
325
607
76
339
735
675
111
227
537
549
973
23
165
558
925
963
233
699
269
75
585
147
336
50
128
243
134
393
181
397
449
82
563
603
19
326
60
1
89
59
537
696
478
996
413
309
118
674
202
254
552
188
226
164
57
415
770
212
309
302
263
243
422
451
166
517
336
37
123
267
120
347
632
877
668
27
385
19
605
301
192
74
491
102
300
344
326
223
