173
100
58
3
15
42
21
10
11
32
63
45
75
29
33
50
60
1
39
41
59
31
20
9
25
16
7
7
8
55
84
25
21
67
2
2
44
16
67
21
51
2
26
21
5
7
84
9
50
4
35
29
91
56
31
24
23
20
48
61
50
22
40
55
32
47
54
45
1
15
59
17
46
37
49
7
33
3
95
25
45
29
25
39
15
66
41
22
11
59
31
42
30
5
1
39
8
2
85
90
50
20
33
28
86
2
41
46
26
68
62
17
49
36
39
89
67
20
1
14
19
29
42
79
98
5
32
17
1
30
46
17
4
36
29
1
47
34
64
75
13
6
25
26
98
58
5
17
12
10
9
31
54
19
75
42
2
35
47
32
76
6
67
32
32
17
12
19
84
12
54
22
44
97
3
