159
100000000
30583865
5288244
39019639
14833592
17349941
29690596
82571832
8678387
95182
37007005
87272358
52898581
50211166
52995152
13677227
34179253
44101460
8786080
54452038
80802372
11987622
9261427
15199632
50705621
22750082
4007761
5619914
54681177
4026575
36130233
45597356
77249918
3759347
4275525
70309404
66251638
74632205
61054826
15609581
13976725
86830022
73990950
6759279
10466374
67632307
49234829
39931690
26531617
80008743
18184611
75845607
27524708
50765171
30219806
99904818
92089219
13797412
53532549
26009050
18885218
70133332
36671103
87996463
60980361
43046
91321613
32111028
13231499
86322773
30614953
16647838
53889022
75461911
16497806
36125008
15329614
12003537
21341220
40810928
644560
13169978
24538089
21980871
39474127
19197628
74875922
23949902
11431519
94193100
16871768
10879840
42667041
29866668
53917898
23005363
31937296
48575679
71691483
79512124
7759386
86023275
29526428
8364790
15789603
75359225
55829273
9362689
18104421
99030922
41640655
31217869
97018335
54402644
33103802
17428168
1335403
28308517
94038993
15721279
28681380
8178034
10234813
12727642
13048513
2981665
20669846
84670386
46467451
83352162
446852
5961007
48172639
47404176
58803763
17400722
55470588
81895579
23457835
58745390
47101419
969078
13610666
6764568
6942744
23581613
24640775
19509427
38945174
73545527
1915438
80490573
12781815
46410772
47819600
25124078
98664597
1146213
26454473
5806900
