160
100
52
53
8
43
33
9
20
27
40
22
92
51
50
79
22
66
4
23
60
48
19
26
22
27
24
18
82
5
22
28
38
28
72
1
2
10
21
90
29
29
7
39
8
41
50
38
35
41
46
48
6
14
8
33
23
59
73
5
15
93
59
7
43
66
60
38
18
33
32
60
24
76
56
3
3
81
62
25
42
84
59
17
53
76
91
9
1
16
34
88
9
77
29
8
51
10
21
19
36
39
9
57
89
19
74
20
18
15
89
8
65
11
81
23
30
1
11
44
35
34
53
48
16
61
15
18
1
39
45
9
72
9
50
54
55
68
20
49
22
13
61
52
28
32
87
14
26
48
5
7
11
20
67
52
91
42
46
89
34
46
