162
1000000
579490
144131
107502
499218
682797
127863
330710
728817
211807
628022
252667
717197
222141
217175
678294
861442
747333
284898
163637
868912
160225
209598
77171
212064
373822
776770
486573
301487
147177
138558
271471
154547
121166
903988
378853
298833
5296
223230
362532
183419
872137
430703
8014
988703
128427
122578
32619
156546
258387
190557
146266
566777
934256
871573
218646
307386
759166
101570
331544
563401
217561
989700
694576
330480
181490
76904
656871
236451
605414
240834
892498
96012
356502
468771
93490
48682
61626
11734
65744
816581
359695
388227
394586
152768
270003
746201
878620
54008
274954
111385
856367
20133
803128
187864
723926
513427
371800
4671
1060
10300
371616
988266
263053
941435
668456
64304
7521
42279
317203
80651
58565
302738
298701
149
407532
65201
898430
98174
728529
901826
414064
217431
366782
809436
481763
35583
496696
131088
73650
708994
890431
56746
513435
437023
55470
68391
313761
852823
15772
585936
151855
150723
695191
296096
11297
192173
569297
669290
305424
243831
342648
537094
790402
531229
143633
611773
231159
109569
572267
121380
40326
558306
