161
10000
4749
2134
5251
2433
5129
4615
6747
3053
1617
2618
9917
9915
5844
7853
215
4785
3464
7387
9776
124
3659
5020
3192
6241
6118
925
2773
901
1280
1863
5967
224
2258
4900
1179
1201
6536
9994
718
3998
6947
8925
3557
1802
1854
1560
2704
3995
5916
6
964
7567
8815
1611
2396
4441
6796
89
3208
610
5645
2097
363
8700
8309
5003
5744
7045
92
3894
4842
5215
2754
4777
3271
741
6
4638
1350
9637
85
4871
725
7296
735
7577
1300
5340
9309
4526
335
1430
4491
443
2544
4592
331
5580
579
1520
1075
3393
3759
3934
138
2993
411
3204
2354
724
6703
1357
3043
8720
7258
8131
3303
965
6808
1572
1777
413
5223
5474
3753
5158
8317
81
3813
83
1649
4997
3982
4980
3898
1795
1152
1941
3009
5100
2716
2147
1726
8059
4284
1691
457
2010
2752
2997
708
8650
8848
6341
632
5181
4420
1185
1022
3164
6502
