162
1000000
938489
318788
745490
482322
196
679666
211383
287965
252100
91453
54951
60291
454929
268438
910286
299123
648485
910263
510674
803956
384866
214565
254510
112869
774134
56705
645368
790868
386927
145169
2229
268323
393532
162935
139392
162681
563758
72954
180310
17589
292683
785694
361497
225866
302020
66511
658046
127328
514109
114779
864700
180942
134135
927046
698532
319181
61511
10001
8222
420954
823884
232976
274759
517678
173220
260913
222153
587552
197111
70251
529765
694107
466254
281344
650582
885221
301468
135300
112571
89737
242505
205856
149540
176116
117679
361247
458193
399984
464559
320976
703790
600764
175973
485891
341954
506474
37857
169318
357332
981242
437150
50991
567677
154173
219168
540851
711359
60144
545495
192455
133467
122468
37766
196044
186613
168157
441408
975824
89714
349418
943295
462003
167804
611146
432600
621233
291371
997771
74991
831843
872672
288445
33656
150771
257789
255114
493526
412448
296210
59338
261414
794144
27379
260682
738586
18758
613073
24176
182534
243685
982411
336541
561325
712035
585392
707317
214306
176750
37570
212864
396693
681212
