159
1000
306
53
390
149
174
296
826
86
3
365
873
529
503
530
136
340
442
88
545
809
120
93
151
508
227
41
57
547
41
362
456
773
36
43
704
661
747
611
157
139
869
740
66
103
677
493
398
266
801
180
759
276
507
303
1000
921
136
535
260
188
702
367
880
610
1
914
320
133
864
305
166
539
755
165
362
153
120
212
409
7
131
245
220
395
191
749
240
115
941
169
108
425
298
540
231
318
486
716
796
78
861
296
83
158
754
559
94
181
991
417
313
971
544
332
174
13
284
941
158
285
82
103
127
129
29
205
847
465
834
5
59
480
475
589
175
553
819
235
588
471
9
137
68
70
235
246
196
389
736
18
804
128
463
479
251
987
11
264
59
