165
1000000
439326
69063
79390
325949
342753
504011
521343
293513
632466
34835
4822
175289
182919
677146
74593
310140
40131
490154
505428
209055
690838
592606
618153
26374
152747
95988
278943
783909
106609
232488
995178
46933
96547
310629
325870
725002
892289
244435
161266
640448
222730
965165
111359
328231
246718
242159
438100
847253
107711
12714
71410
203323
808049
251
6694
76758
192746
48552
32986
151111
107387
631543
503496
106308
77341
930937
7576
68046
26644
145390
925407
407211
186585
807254
706487
721057
212311
180338
173673
611168
862267
571545
272067
139958
458054
786821
755045
786816
621324
481135
11693
246342
136614
292549
262515
209210
757841
903453
51101
94660
496480
205136
292954
948899
796677
30062
826327
60938
810722
112561
746684
287417
89219
359971
368457
383702
292628
58422
737485
103452
441610
428455
860042
80535
125133
359552
22628
742005
324852
58102
269602
102395
309162
861721
211969
179371
215990
269301
189278
973356
462237
897605
710773
117191
346071
37935
465764
453701
424759
130267
455032
498153
103801
476781
253316
518865
390338
54790
213184
41295
30570
608782
434311
676984
883476
