159
100
14
13
8
65
86
10
53
34
40
16
15
11
81
88
67
91
19
22
44
18
6
10
41
15
42
66
60
92
15
68
26
74
52
33
7
78
38
55
78
98
56
42
100
27
2
66
47
94
45
57
82
3
8
5
14
1
10
84
12
86
11
18
7
12
97
16
39
18
16
14
11
8
27
8
3
6
57
58
47
15
16
16
5
17
20
43
32
45
18
20
74
61
58
6
6
58
62
78
1
66
93
15
36
38
10
28
42
35
36
90
16
61
58
30
33
2
34
68
6
5
22
7
84
53
10
25
24
17
2
1
53
61
22
52
1
33
9
81
56
83
24
30
44
3
18
6
40
57
9
82
94
48
34
42
10
40
50
57
100
