156
1000
925
212
591
627
251
563
230
978
757
220
17
462
678
462
996
247
35
116
750
315
286
499
70
636
314
935
3
333
749
896
480
635
652
299
648
438
499
36
470
161
475
78
470
133
243
572
142
4
38
181
107
459
225
186
257
17
757
203
186
58
23
365
244
530
165
142
883
83
257
348
597
109
776
685
10
644
144
776
400
947
24
330
894
610
312
776
770
429
339
67
957
411
143
380
830
101
61
997
157
184
743
376
137
332
538
983
224
1000
94
624
412
262
535
403
310
357
530
317
465
364
408
520
623
106
56
433
63
437
501
470
278
306
567
43
117
22
743
101
377
819
219
65
352
640
134
92
1
917
40
519
17
389
183
37
67
170
