174
100000
30075
47485
14686
49313
18370
38625
2993
97785
83663
18489
2308
14654
62244
68925
24167
58679
4765
20368
9471
21810
14643
11954
44555
19493
52515
93562
19732
52353
1207
46366
4264
18161
9737
33530
59232
73036
84827
20852
79632
2010
61
30210
6438
31607
3621
22139
30864
46439
38131
14327
56648
2200
1461
8382
9662
52496
57352
517
73124
8906
840
626
61854
10152
96804
715
53634
3267
51575
3196
15173
11655
16694
64362
36395
6948
10933
82106
2280
64486
85647
97136
47504
29343
37622
43352
76233
34366
67851
78525
29829
99507
2215
14059
3646
97720
49720
27259
30576
35022
38503
90059
41374
11536
45055
22182
12245
903
34518
15264
66346
26531
66206
27404
20797
85486
2818
58679
2964
56554
57993
20889
38146
43446
24361
38187
30988
13108
65314
9091
36005
11340
52301
98539
433
21337
7955
4290
67831
38297
42007
14514
14329
59411
1106
12841
493
10497
85673
31725
69424
42886
8130
29981
47314
12376
40768
17894
60368
17980
11398
32149
47066
14353
30876
58223
75684
23767
2864
63588
55445
16783
35121
1743
