159
100000000
47898285
28235724
12389139
87764622
29977404
27352556
17249193
43419790
17101181
24915234
33407557
39728933
21422978
31892262
57238767
3821156
48943802
35157611
26513352
62762767
56402851
26948198
57585457
45421682
64796870
2486088
16436725
2008189
49446311
45012730
43216572
31035915
17101282
41483735
43034088
39079973
16419719
87886185
97513912
70566877
7251239
30293252
37539848
35172465
20413503
22601624
83580281
80790248
17500351
7912523
81984319
5447268
61540666
6788110
18582455
13602828
54876041
72647444
36306706
9895739
17365436
81417545
43616812
24004944
9018835
51048571
48951429
3094980
51056198
36046219
30718475
14565480
18015681
12038619
1463200
3507606
55659332
37162099
71764276
58349868
51628316
2826076
71463296
75134
41650132
44340668
24160259
19209752
22254997
58516265
58679920
31527356
28536704
58012392
32482748
92134645
177359
73051802
9170892
27427542
13958902
55975398
23027335
13855811
11655466
3143726
32190350
11932772
52101715
13633878
17526331
20761715
28796170
14554186
51079822
82634564
48379551
54175772
12039831
77622039
98536800
8897833
35203130
36991583
89463083
41881834
28075266
36510092
13231697
63955186
47046083
10536917
85445814
56965912
54578318
30815275
54987270
36044814
14268092
31429707
52035919
63693294
86397172
15110357
38670833
11945958
3041267
69281525
7865355
69746382
58118166
54693076
56559162
71924734
45482086
22377961
42414543
3814075
40923653
