162
1000000
137215
491973
729345
809685
512228
878267
77672
787735
522113
491899
17237
286222
928077
657311
42004
511860
610827
212265
521920
86830
192100
225219
611796
812720
397821
728512
103228
316905
231174
143952
191858
96909
392226
270655
289469
897004
488541
212942
270953
471101
175262
187280
354031
906955
225429
100816
161724
337663
580677
194369
291001
71736
24667
496711
58189
258276
402473
394779
488140
487772
342115
585906
96416
896740
280165
343576
722159
121733
452884
885886
44807
431800
384947
423765
528754
736909
185452
658206
392557
229042
243
87609
671768
607774
526443
393057
103260
4408
74817
44246
606943
277841
328232
324522
450049
881473
451769
293367
334793
166770
82039
43145
71923
419323
205448
454009
219946
348836
589536
434033
814548
5051
46420
512233
92988
471400
888565
874578
313278
310493
903584
72110
289955
170379
592699
656424
213820
515846
662337
271488
683095
564334
547116
484154
197073
370329
118527
93045
100755
833166
218155
9527
805631
19486
212846
197076
595297
82123
190315
136043
640210
202786
328341
341794
165986
545739
156009
765320
43246
240531
234680
101908
