163
10000
5427
1502
5
3659
4767
124
3291
327
8521
6578
3211
1029
1268
5157
2091
3633
7158
1264
1590
4909
767
8410
1808
2158
261
94
412
3085
160
6035
5233
873
1171
8744
2878
2509
5250
279
5710
898
4125
1597
3257
8403
2036
199
6397
5276
4302
7684
28
1327
7241
4164
4063
4548
9088
4537
8324
2602
5937
754
3965
1310
2100
2739
4482
742
6596
1209
2759
7135
222
5875
5066
8249
944
6373
3132
797
7086
5758
4673
2367
1299
9127
4695
3603
106
3259
4195
4469
4724
5375
5592
9467
4934
5305
4710
1340
727
781
1632
3594
6134
5532
9716
635
8720
3596
4245
1881
2546
6021
3627
3111
1152
2223
6237
1357
411
8156
4835
3198
2842
171
6281
1590
6367
2316
1256
5388
4863
1114
1472
6797
2329
752
480
3630
1057
2351
7398
1280
3548
3011
9273
533
4772
4514
912
3404
5137
457
3203
2914
1791
3965
9203
4404
4324
5165
5755
