188
10000000
5097114
2624228
9130755
757839
195326
114114
2661
2145506
7770380
2264793
1234170
1722382
2230048
2428801
8218723
636928
9234018
1061405
1826615
1781277
976877
1945232
4508322
6227770
859710
5041160
9091906
2150093
1699954
342136
252059
4062814
4048343
1559659
1091204
3184451
98066
161222
390707
7149525
5722979
352438
1576826
4067098
4074803
2335516
5539268
2726361
978619
1504609
6925717
2366818
4320958
1455110
1869546
1567873
4755805
498407
9509083
2850475
479508
3047288
489133
1019865
8176956
9647562
608225
3782058
6140984
4277021
2922947
5204025
3043585
5937186
490917
4541681
1355569
2918094
2617384
5274491
9643452
1120447
1537785
1276374
4990879
371532
4215270
4722848
501247
2741151
1177000
3399532
1113921
4822659
4584089
5009121
7028555
2239845
947971
1176782
4194485
2349701
1439782
800424
2850744
240413
6601567
3035408
4323734
9155785
1516316
721172
3823739
7854494
765982
631420
1569674
6952712
844215
3044819
2114553
5415911
4149423
3001390
3468326
5941045
7911581
5304734
4604101
361322
5995170
2971445
1457883
5850577
107462
5074686
4513059
3082135
4524071
843308
936715
316335
1238277
697931
4161613
1724978
1338662
4700496
1599637
849185
2342700
2721389
3993222
4839001
1939680
6348409
2936417
1339035
1986814
8544890
3359971
2528218
591872
7885447
2229620
2448760
5458319
6113618
1657713
277373
1426273
1623117
608331
4362636
4804477
2332448
814004
6640080
5195523
8661338
5646368
908094
7048777
4419502
960778
1140861
267841
1712946
