161
1000000
474841
213489
525159
243229
512860
461436
674679
305360
161648
261792
991694
991496
584351
785398
21456
478430
346430
738627
977598
12392
365999
501925
319235
624057
611758
92639
277354
90046
128043
186443
596665
22402
225769
489913
117871
120026
653570
999367
71880
399888
694640
892470
355627
180123
185546
155983
270441
399481
591562
525
96353
756771
881442
161034
239565
444065
679503
8989
320990
61083
564481
209750
36322
869955
830870
500205
574529
704425
9171
389339
484221
521570
275378
477691
327043
74024
633
463760
135097
963678
8504
487140
72449
729559
73623
757649
130045
534123
930888
452624
33626
142972
449237
44258
254352
459389
33230
557913
57810
151990
107530
339246
375943
393375
13772
299239
41223
320497
235526
72514
670266
135608
304229
871957
725816
813032
330432
96438
680765
157118
177744
41377
522309
547376
375208
515779
831682
8029
381213
8306
165020
499795
398168
498075
389729
179409
115288
194109
300873
510087
271568
214602
172558
805891
428375
169130
45657
200974
275149
299935
70754
864903
884712
634001
63136
518022
442087
118558
102426
316332
650197
