171
100000
887
54127
28630
9297
87417
12282
11679
10889
97006
35013
40038
18159
26333
9027
35437
49757
24600
40271
20187
69315
59891
59237
24699
22299
71370
84025
86690
12437
27917
68188
7246
58940
40109
3446
60066
68835
20133
72510
25478
3078
28484
63039
72286
5702
38229
5561
42715
41060
30818
16113
77465
74066
115
11943
81224
3985
99113
50661
47317
65165
70221
45873
51961
27714
62479
19501
17156
13281
878
32868
18958
47217
57560
4989
66839
36192
36031
1964
2994
28694
17015
33161
10619
15975
1030
236
85311
11099
30685
29311
27515
16077
58364
79766
14723
24089
20981
57741
21841
40219
37049
47285
11800
62686
87181
31295
6019
80422
26566
62951
62798
36961
12618
46
14044
25203
33391
35712
9639
12819
15547
12515
16920
18450
18776
5516
63852
48039
68764
39198
72083
21329
21326
15977
10149
66314
17419
66609
13590
87718
52027
7504
21484
33686
31579
23503
24734
10281
50519
40763
32886
34584
75619
14689
81866
6792
16913
18638
50243
34835
837
21480
36148
42616
6728
30132
15123
82581
29
52617
854
